A190273_conv.ecsv
# %ECSV 1.0
# ---
# datatype:
# - {name: VHELIO, datatype: float64}
# - {name: FREQUENCY, datatype: float64}
# - {name: FLUX, datatype: float64}
# - {name: BASELINE, datatype: float64}
# delimiter: ','
# meta: !!omap
# - {EXTNAME: Single Dish}
# - {OBSERVAT: Arecibo Observatory}
# - {TELESCOP: Arecibo Radio Telescope}
# - {INSTRUME: L-Band Wide}
# - {BACKEND: Interim correlator}
# - {BEAM: '3.3'}
# - {NANVALUE: -999.0}
# - {OBJECT: AGC 190273}
# - {NAME: ''}
# - {HISRC: A092457.4+113231}
# - {ORIGIN: SavFITSconvert.py conversion D Craig}
# - {RA: 141.23917111780648}
# - {DEC: 11.541388951711713}
# - {EQUINOX: 2000.0}
# - {RESTFRQ: 1420405800.0}
# - {BW: 24.98779296875}
# - {CHAN: 2048}
# - {V21SYS: 3629.4397}
# - comments: [Undergraduate ALFALFA Team (UAT), 'Last updated: 2023-08-07T20:24:16.675639 UTC (SavFITSconvert)', 'Strong absorption at
#       2500 km/s. Detection is weak, appears horned but co', uld be gaussian., WARNING! Converted by early version of SavFITSconvert.py]
# schema: astropy-2.0
VHELIO,FREQUENCY,FLUX,BASELINE
[from data line 871]
4101.587565303111,1401.11307345532,1.93023681640625,-5.412736415863037
4098.939947589952,1401.12528048657,0.8211647272109985,-5.412736415863037
4096.292376010193,1401.13748751782,-0.8993618488311768,-5.412736415863037
4093.6448505625035,1401.14969454907,-0.6843117475509644,-5.412736415863037
4090.9973712456854,1401.16190158032,-0.07612335681915283,-5.412736415863037
4088.34993805854,1401.17410861157,-0.09840106964111328,-5.412736415863037
4085.702550999936,1401.18631564282,0.6622622609138489,-5.412736415863037
4083.0552100685422,1401.19852267407,1.5284967422485352,-5.412736415863037
4080.4079152632266,1401.21072970532,1.9353694915771484,-5.412736415863037
4077.760666582791,1401.22293673657,1.456398367881775,-5.412736415863037
4075.1134640260375,1401.23514376782,-0.5697606205940247,-5.412736415863037
4072.4663075917674,1401.24735079907,-1.7569712400436401,-5.412736415863037
4069.8191972787163,1401.25955783032,-0.6427862644195557,-5.412736415863037
4067.1721330856863,1401.27176486157,0.410319447517395,-5.412736415863037
4064.525115011545,1401.28397189282,0.26374268531799316,-5.412736415863037
4061.8781430549616,1401.29617892407,0.18718814849853516,-5.412736415863037
4059.2312172148704,1401.30838595532,0.6515071988105774,-5.412736415863037
4056.5843374900073,1401.32059298657,0.8350445032119751,-5.412736415863037
4053.9375038791077,1401.33280001782,-0.30611950159072876,-5.412736415863037
4051.290716381039,1401.34500704907,-0.8878200054168701,-5.412736415863037
4048.643974994604,1401.35721408032,0.6079559922218323,-5.412736415863037
4045.9972797186033,1401.36942111157,2.5345683097839355,-5.412736415863037
4043.3506305517735,1401.38162814282,3.8584001064300537,-5.412736415863037
4040.7040274929154,1401.39383517407,2.28230881690979,-5.412736415863037
4038.057470540831,1401.40604220532,-0.6362720727920532,-5.412736415863037
4035.4109596943226,1401.41824923657,-0.6518511772155762,-5.412736415863037
4032.764494952258,1401.43045626782,-0.18600666522979736,-5.412736415863037
4030.1180763133725,1401.44266329907,-0.09293770790100098,-5.412736415863037
4027.4717037764012,1401.45487033032,0.9176077842712402,-5.412736415863037
4024.825377340213,1401.46707736157,1.3119920492172241,-5.412736415863037
4022.1790970035427,1401.47928439282,0.8709182739257812,-5.412736415863037
4019.5328627653253,1401.49149142407,0.4696238040924072,-5.412736415863037
4016.8866746242293,1401.50369845532,-0.2716693878173828,-5.412736415863037
4014.24053257899,1401.51590548657,-1.1746305227279663,-5.412736415863037
4011.5944366286094,1401.52811251782,-0.5702022314071655,-5.412736415863037
4008.948386771689,1401.54031954907,0.21333611011505127,-5.412736415863037
4006.302383007164,1401.55252658032,0.1970759630203247,-5.412736415863037
4003.6564253337024,1401.56473361157,0.6582856178283691,-5.412736415863037
4001.0105137502396,1401.57694064282,1.0425177812576294,-5.412736415863037
3998.364648255445,1401.58914767407,0.42330825328826904,-5.412736415863037
3995.7188288481193,1401.60135470532,-0.09947013854980469,-5.412736415863037
3993.073055527198,1401.61356173657,0.757656455039978,-5.412736415863037
3990.427328291349,1401.62576876782,1.954930067062378,-5.412736415863037
3987.7816471394417,1401.63797579907,1.698621153831482,-5.412736415863037
3985.1360120701443,1401.65018283032,1.2132259607315063,-5.412736415863037
3982.4904230823918,1401.66238986157,1.8528296947479248,-5.412736415863037
3979.8448801749855,1401.67459689282,1.348027229309082,-5.412736415863037
3977.199383346595,1401.68680392407,-0.15828979015350342,-5.412736415863037
3974.5539325961545,1401.69901095532,0.411914587020874,-5.412736415863037
3971.9085279223323,1401.71121798657,1.6091892719268799,-5.412736415863037
3969.2631693239978,1401.72342501782,1.0332591533660889,-5.412736415863037
3966.6178567999523,1401.73563204907,0.6478762626647949,-5.412736415863037
3963.972590348997,1401.74783908032,1.0026147365570068,-5.412736415863037
3961.3273699698684,1401.76004611157,1.6632664203643799,-5.412736415863037
3958.682195661367,1401.77225314282,1.5466430187225342,-5.412736415863037
3956.0370674223623,1401.78446017407,0.17743545770645142,-5.412736415863037
3953.391985251655,1401.79666720532,-0.34704482555389404,-5.412736415863037
3950.746949147981,1401.80887423657,-0.08630132675170898,-5.412736415863037
3948.101959110142,1401.82108126782,-0.07858598232269287,-5.412736415863037
3945.45701513694,1401.83328829907,-0.2914602756500244,-5.412736415863037
3942.812117227176,1401.84549533032,-0.5276597738265991,-5.412736415863037
3940.1672653796522,1401.85770236157,-0.3304738998413086,-5.412736415863037
3937.522459593171,1401.86990939282,0.8540734052658081,-5.412736415863037
3934.877699866533,1401.88211642407,1.6440004110336304,-5.412736415863037
3932.2329861984745,1401.89432345532,0.9011307954788208,-5.412736415863037
3929.58831858793,1401.90653048657,0.5858837962150574,-5.412736415863037
3926.9436970335682,1401.91873751782,1.6471461057662964,-5.412736415863037
3924.299121534191,1401.93094454907,1.1701195240020752,-5.412736415863037
3921.6545920885997,1401.94315158032,-1.1537493467330933,-5.412736415863037
3919.010108695663,1401.95535861157,-2.200242519378662,-5.412736415863037
3916.3656713541827,1401.96756564282,-2.047942876815796,-5.412736415863037
3913.7212800628945,1401.97977267407,-1.3297550678253174,-5.412736415863037
3911.0769348205326,1401.99197970532,0.06638479232788086,-5.412736415863037
3908.4326356260326,1402.00418673657,1.0242894887924194,-5.412736415863037
3905.7883824781297,1402.01639376782,1.1999093294143677,-5.412736415863037
3903.1441753756253,1402.02860079907,1.440593957901001,-5.412736415863037
3900.5000143173215,1402.04080783032,2.2832257747650146,-5.412736415863037
3897.8558993019537,1402.05301486157,1.8870928287506104,-5.412736415863037
3895.21183032839,1402.06522189282,0.47221094369888306,-5.412736415863037
3892.5678073954323,1402.07742892407,0.6304579377174377,-5.412736415863037
3889.923830501882,1402.08963595532,1.223947525024414,-5.412736415863037
3887.279899646475,1402.10184298657,0.3023105263710022,-5.412736415863037
3884.6360148280787,1402.11405001782,-0.5135511159896851,-5.412736415863037
3881.992176045429,1402.12625704907,-0.5228369235992432,-5.412736415863037
3879.348383297328,1402.13846408032,-0.8896253108978271,-5.412736415863037
3876.70463658271,1402.15067111157,0.11719250679016113,-5.412736415863037
3874.0609359001774,1402.16287814282,1.8608770370483398,-5.412736415863037
3871.4172812485986,1402.17508517407,2.073291778564453,-5.412736415863037
3868.773672626775,1402.18729220532,1.4657034873962402,-5.412736415863037
3866.1301100335086,1402.19949923657,0.22209137678146362,-5.412736415863037
3863.4865934676677,1402.21170626782,-1.1834080219268799,-5.412736415863037
3860.8431229279213,1402.22391329907,-1.7851998805999756,-5.412736415863037
3858.1996984131374,1402.23612033032,-0.8213122487068176,-5.412736415863037
3855.556319922118,1402.24832736157,0.5554767847061157,-5.412736415863037
3852.9129874536648,1402.26053439282,0.5619968771934509,-5.412736415863037
3850.2697010065795,1402.27274142407,-0.07170510292053223,-5.412736415863037
3847.6264605795973,1402.28494845532,-0.22372722625732422,-5.412736415863037
3844.983266171587,1402.29715548657,1.1897894144058228,-5.412736415863037
3842.340117781283,1402.30936251782,3.0269973278045654,-5.412736415863037
3839.6970154075543,1402.32156954907,1.6021724939346313,-5.412736415863037
3837.053959049202,1402.33377658032,-1.3931443691253662,-5.412736415863037
3834.4109487049627,1402.34598361157,-0.6029995679855347,-5.412736415863037
3831.767984373637,1402.35819064282,2.6736702919006348,-5.412736415863037
3829.125066054027,1402.37039767407,2.9767284393310547,-5.412736415863037
3826.482193745001,1402.38260470532,0.2087865024805069,-5.412736415863037
3823.839367445294,1402.39481173657,-0.4509998559951782,-5.412736415863037
3821.1965871537086,1402.40701876782,0.8670501708984375,-5.412736415863037
3818.553852869046,1402.41922579907,0.722104549407959,-5.412736415863037
3815.9111645901075,1402.43143283032,-0.06317555904388428,-5.412736415863037
3813.268522315696,1402.44363986157,0.5065986514091492,-5.412736415863037
3810.625926044679,1402.45584689282,1.564847469329834,-5.412736415863037
3807.983375775726,1402.46805392407,0.5146328806877136,-5.412736415863037
3805.3408715077044,1402.48026095532,-0.2194981575012207,-5.412736415863037
3802.6984132394164,1402.49246798657,0.8765087127685547,-5.412736415863037
3800.0560009696637,1402.50467501782,0.7916771173477173,-5.412736415863037
3797.413634697182,1402.51688204907,0.5165070295333862,-5.412736415863037
3794.7713144208387,1402.52908908032,1.512690782546997,-5.412736415863037
3792.1290401394363,1402.54129611157,1.5002665519714355,-5.412736415863037
3789.48681185171,1402.55350314282,0.605725884437561,-5.412736415863037
3786.8446295565946,1402.56571017407,0.8046548366546631,-5.412736415863037
3784.202493252692,1402.57791720532,1.1019489765167236,-5.412736415863037
3781.5604029389374,1402.59012423657,1.2548294067382812,-5.412736415863037
3778.918358614066,1402.60233126782,0.23766976594924927,-5.412736415863037
3776.2763602769464,1402.61453829907,-1.8581355810165405,-5.412736415863037
3773.6344079263795,1402.62674533032,-1.6366283893585205,-5.412736415863037
3770.9925015610347,1402.63895236157,-0.08638155460357666,-5.412736415863037
3768.350641179847,1402.65115939282,0.615707278251648,-5.412736415863037
3765.708826781551,1402.66336642407,0.9977457523345947,-5.412736415863037
3763.067058364949,1402.67557345532,0.2468034029006958,-5.412736415863037
3760.425335928976,1402.68778048657,-1.1305646896362305,-5.412736415863037
3757.783659472167,1402.69998751782,-0.8643804788589478,-5.412736415863037
3755.142028993524,1402.71219454907,-1.0095176696777344,-5.412736415863037
3752.5004444917818,1402.72440158032,-1.3050782680511475,-5.412736415863037
3749.8589059657425,1402.73660861157,0.6910450458526611,-5.412736415863037
3747.2174134142747,1402.74881564282,1.8264358043670654,-5.412736415863037
3744.575966836046,1402.76102267407,1.8429512977600098,-5.412736415863037
3741.9345662299925,1402.77322970532,2.454610586166382,-5.412736415863037
3739.2932115947824,1402.78543673657,1.983557939529419,-5.412736415863037
3736.651902929284,1402.79764376782,1.595676302909851,-5.412736415863037
3734.010640232299,1402.80985079907,2.174017906188965,-5.412736415863037
3731.3694235026296,1402.82205783032,2.698676586151123,-5.412736415863037
3728.728252739077,1402.83426486157,2.7474472522735596,-5.412736415863037
3726.087127940377,1402.84647189282,2.507307767868042,-5.412736415863037
3723.446049105464,1402.85867892407,2.2306058406829834,-5.412736415863037
3720.8050162330737,1402.87088595532,1.0476632118225098,-5.412736415863037
3718.1640293218743,1402.88309298657,1.249306321144104,-5.412736415863037
3715.5230883708678,1402.89530001782,2.465261220932007,-5.412736415863037
3712.882193378722,1402.90750704907,1.6004136800765991,-5.412736415863037
3710.2413443443065,1402.91971408032,1.6232314109802246,-5.412736415863037
3707.600541266489,1402.93192111157,4.073870658874512,-5.412736415863037
3704.9597841438713,1402.94412814282,5.2993879318237305,-5.412736415863037
3702.3190729753883,1402.95633517407,3.8862853050231934,-5.412736415863037
3699.678407759776,1402.96854220532,1.8999273777008057,-5.412736415863037
3697.037788495902,1402.98074923657,1.6764909029006958,-5.412736415863037
3694.397215182635,1402.99295626782,2.4211068153381348,-5.412736415863037
3691.756687818577,1403.00516329907,2.9182519912719727,-5.412736415863037
3689.1162064025966,1403.01737033032,3.5871567726135254,-5.412736415863037
3686.475770933628,1403.02957736157,3.6896891593933105,-5.412736415863037
3683.8353814102743,1403.04178439282,3.4057297706604004,-5.412736415863037
3681.1950378315364,1403.05399142407,3.1382477283477783,-5.412736415863037
3678.554740196083,1403.06619845532,2.5556774139404297,-5.412736415863037
3675.914488502716,1403.07840548657,1.6568602323532104,-5.412736415863037
3673.274282750303,1403.09061251782,1.387674331665039,-5.412736415863037
3670.6341229375807,1403.10281954907,1.8577266931533813,-5.412736415863037
3667.9940090634163,1403.11502658032,2.494511365890503,-5.412736415863037
3665.3539411264787,1403.12723361157,3.9215524196624756,-5.412736415863037
3662.7139191257697,1403.13944064282,4.4138078689575195,-5.412736415863037
3660.073943059891,1403.15164767407,3.8128371238708496,-5.412736415863037
3657.4340129278444,1403.16385470532,4.586851596832275,-5.412736415863037
3654.794128728232,1403.17606173657,4.829127311706543,-5.412736415863037
3652.1542904599883,1403.18826876782,2.570610761642456,-5.412736415863037
3649.514498121849,1403.20047579907,0.02492237091064453,-5.412736415863037
3646.8747517126153,1403.21268283032,0.36316603422164917,-5.412736415863037
3644.235051231223,1403.22488986157,2.336339235305786,-5.412736415863037
3641.5953966762736,1403.23709689282,2.9682185649871826,-5.412736415863037
3638.9557880466355,1403.24930392407,2.8672735691070557,-5.412736415863037
3636.316225341177,1403.26151095532,2.5544943809509277,-5.412736415863037
3633.676708558567,1403.27371798657,1.6675045490264893,-5.412736415863037
3631.0372376978066,1403.28592501782,0.8057901263237,-5.412736415863037
3628.397812757565,1403.29813204907,1.4512813091278076,-5.412736415863037
3625.758433736644,1403.31033908032,2.3270492553710938,-5.412736415863037
3623.1191006338445,1403.32254611157,2.571256160736084,-5.412736415863037
3620.4798134480357,1403.33475314282,3.147383213043213,-5.412736415863037
3617.8405721779527,1403.34696017407,2.8332056999206543,-5.412736415863037
3615.201376822397,1403.35916720532,1.9050065279006958,-5.412736415863037
3612.562227380237,1403.37137423657,1.7282631397247314,-5.412736415863037
3609.9231238501416,1403.38358126782,2.4993228912353516,-5.412736415863037
3607.2840662310455,1403.39578829907,3.1025750637054443,-5.412736415863037
3604.6450545217504,1403.40799533032,2.465451240539551,-5.412736415863037
3602.006088720992,1403.42020236157,1.6681660413742065,-5.412736415863037
3599.3671688275717,1403.43240939282,2.4216878414154053,-5.412736415863037
3596.7282948402913,1403.44461642407,4.630955696105957,-5.412736415863037
3594.0894667580196,1403.45682345532,5.462821960449219,-5.412736415863037
3591.4506845795577,1403.46903048657,4.111110687255859,-5.412736415863037
3588.8119483035744,1403.48123751782,2.574188232421875,-5.412736415863037
3586.1732579289387,1403.49344454907,1.6487518548965454,-5.412736415863037
3583.534613454518,1403.50565158032,1.9403817653656006,-5.412736415863037
3580.896014879115,1403.51785861157,2.791414976119995,-5.412736415863037
3578.257462201464,1403.53006564282,2.972778558731079,-5.412736415863037
3575.618955420368,1403.54227267407,3.8739800453186035,-5.412736415863037
3572.980494534694,1403.55447970532,5.710651874542236,-5.412736415863037
3570.342079543178,1403.56668673657,5.509896755218506,-5.412736415863037
3567.7037104446217,1403.57889376782,4.261803150177002,-5.412736415863037
3565.06538723796,1403.59110079907,4.180713176727295,-5.412736415863037
3562.427109921795,1403.60330783032,3.706392526626587,-5.412736415863037
3559.788878494995,1403.61551486157,3.044288396835327,-5.412736415863037
3557.150692956495,1403.62772189282,3.138160228729248,-5.412736415863037
3554.5125533048968,1403.63992892407,2.8658361434936523,-5.412736415863037
3551.8744595392022,1403.65213595532,2.6029818058013916,-5.412736415863037
3549.2364116580798,1403.66434298657,3.337956190109253,-5.412736415863037
3546.5984096603315,1403.67655001782,4.28798770904541,-5.412736415863037
3543.960453544759,1403.68875704907,4.5378594398498535,-5.412736415863037
3541.322543310297,1403.70096408032,3.4620707035064697,-5.412736415863037
3538.6846789556143,1403.71317111157,2.4894070625305176,-5.412736415863037
3536.046860479579,1403.72537814282,2.1210455894470215,-5.412736415863037
3533.409087880927,1403.73758517407,1.7954485416412354,-5.412736415863037
