A190273_conv.ecsv
# %ECSV 1.0
# ---
# datatype:
# - {name: VHELIO, datatype: float64}
# - {name: FREQUENCY, datatype: float64}
# - {name: FLUX, datatype: float64}
# - {name: BASELINE, datatype: float64}
# delimiter: ','
# meta: !!omap
# - {EXTNAME: Single Dish}
# - {OBSERVAT: Arecibo Observatory}
# - {TELESCOP: Arecibo Radio Telescope}
# - {INSTRUME: L-Band Wide}
# - {BACKEND: Interim correlator}
# - {BEAM: '3.3'}
# - {NANVALUE: -999.0}
# - {OBJECT: AGC 190273}
# - {NAME: ''}
# - {HISRC: A092457.4+113231}
# - {ORIGIN: SavFITSconvert.py conversion D Craig}
# - {RA: 141.23917111780648}
# - {DEC: 11.541388951711713}
# - {EQUINOX: 2000.0}
# - {RESTFRQ: 1420405800.0}
# - {BW: 24.98779296875}
# - {CHAN: 2048}
# - {V21SYS: 3629.4397}
# - comments: [Undergraduate ALFALFA Team (UAT), 'Last updated: 2023-08-07T20:24:16.675639 UTC (SavFITSconvert)', 'Strong absorption at
#       2500 km/s. Detection is weak, appears horned but co', uld be gaussian., WARNING! Converted by early version of SavFITSconvert.py]
# schema: astropy-2.0
VHELIO,FREQUENCY,FLUX,BASELINE
[from data line 435]
5260.3606588647135,1395.79080783032,-0.8994332551956177,-5.412736415863037
5257.692811574921,1395.80301486157,-1.832425832748413,-5.412736415863037
5255.025010948204,1395.81522189282,-1.2758305072784424,-5.412736415863037
5252.3572569833,1395.82742892407,0.8696009516716003,-5.412736415863037
5249.689549678943,1395.83963595532,1.5263357162475586,-5.412736415863037
5247.0218890340675,1395.85184298657,0.9734365344047546,-5.412736415863037
5244.354275047211,1395.86405001782,1.1806026697158813,-5.412736415863037
5241.686707717372,1395.87625704907,0.9266552925109863,-5.412736415863037
5239.019187043155,1395.88846408032,0.6042332053184509,-5.412736415863037
5236.351713023494,1395.90067111157,1.3603070974349976,-5.412736415863037
5233.684285657057,1395.91287814282,1.7288269996643066,-5.412736415863037
5231.016904942648,1395.92508517407,1.9582864046096802,-5.412736415863037
5228.349570879066,1395.93729220532,1.4006776809692383,-5.412736415863037
5225.682283465048,1395.94949923657,0.38488996028900146,-5.412736415863037
5223.015042699396,1395.96170626782,0.9532878398895264,-5.412736415863037
5220.347848580911,1395.97391329907,0.7322947978973389,-5.412736415863037
5217.680701108261,1395.98612033032,-0.49875879287719727,-5.412736415863037
5215.013600280316,1395.99832736157,-0.6647306680679321,-5.412736415863037
5212.34654609581,1396.01053439282,-1.6306562423706055,-5.412736415863037
5209.679538553612,1396.02274142407,-2.090672731399536,-5.412736415863037
5207.012577652456,1396.03494845532,-0.3546721935272217,-5.412736415863037
5204.345663391012,1396.04715548657,0.956317663192749,-5.412736415863037
5201.678795768148,1396.05936251782,0.5326956510543823,-5.412736415863037
5199.011974782666,1396.07156954907,-1.5281091928482056,-5.412736415863037
5196.345200433235,1396.08377658032,-2.6690664291381836,-5.412736415863037
5193.678472718854,1396.09598361157,-2.4972567558288574,-5.412736415863037
5191.011791637996,1396.10819064282,-2.1958189010620117,-5.412736415863037
5188.3451571896585,1396.12039767407,-0.714879035949707,-5.412736415863037
5185.678569372513,1396.13260470532,0.16238272190093994,-5.412736415863037
5183.012028185427,1396.14481173657,-0.4689708948135376,-5.412736415863037
5180.345533627135,1396.15701876782,-1.0273799896240234,-5.412736415863037
5177.679085696306,1396.16922579907,-0.5186783075332642,-5.412736415863037
5175.012684391876,1396.18143283032,1.1737644672393799,-5.412736415863037
5172.346329712579,1396.19363986157,2.067594289779663,-5.412736415863037
5169.680021657151,1396.20584689282,0.8655096292495728,-5.412736415863037
5167.013760224392,1396.21805392407,-1.0262757539749146,-5.412736415863037
5164.347545413107,1396.23026095532,-1.382783055305481,-5.412736415863037
5161.681377221961,1396.24246798657,-0.7215263843536377,-5.412736415863037
5159.015255649892,1396.25467501782,-0.8938159942626953,-5.412736415863037
5156.349180695567,1396.26688204907,-0.7725540399551392,-5.412736415863037
5153.683152357855,1396.27908908032,0.2373945713043213,-5.412736415863037
5151.017170635424,1396.29129611157,0.002246379852294922,-5.412736415863037
5148.351235527076,1396.30350314282,-1.3810803890228271,-5.412736415863037
5145.68534703168,1396.31571017407,-1.9577949047088623,-5.412736415863037
5143.019505147904,1396.32791720532,-1.6382932662963867,-5.412736415863037
5140.3537098746165,1396.34012423657,-0.3935282230377197,-5.412736415863037
5137.687961210487,1396.35233126782,0.4435296058654785,-5.412736415863037
5135.022259154382,1396.36453829907,0.3329789638519287,-5.412736415863037
5132.356603705038,1396.37674533032,-0.24487459659576416,-5.412736415863037
5129.6909948612565,1396.38895236157,-1.3328721523284912,-5.412736415863037
5127.02543262184,1396.40115939282,-1.8229646682739258,-5.412736415863037
5124.359916985456,1396.41336642407,-1.1939141750335693,-5.412736415863037
5121.69444795104,1396.42557345532,0.17143630981445312,-5.412736415863037
5119.029025517194,1396.43778048657,0.08571124076843262,-5.412736415863037
5116.363649682853,1396.44998751782,-0.1901867389678955,-5.412736415863037
5113.698320446752,1396.46219454907,0.5561590194702148,-5.412736415863037
5111.033037807627,1396.47440158032,-0.051525115966796875,-5.412736415863037
5108.367801764279,1396.48660861157,-0.13146144151687622,-5.412736415863037
5105.702612315443,1396.49881564282,0.8270237445831299,-5.412736415863037
5103.037469460055,1396.51102267407,-0.1446872353553772,-5.412736415863037
5100.372373196649,1396.52322970532,-1.6872137784957886,-5.412736415863037
5097.707323524161,1396.53543673657,-1.4159421920776367,-5.412736415863037
5095.042320441393,1396.54764376782,-0.34797728061676025,-5.412736415863037
5092.377363947013,1396.55985079907,0.2873955965042114,-5.412736415863037
5089.712454039889,1396.57205783032,0.33414745330810547,-5.412736415863037
5087.047590718757,1396.58426486157,0.2634608745574951,-5.412736415863037
5084.382773982419,1396.59647189282,0.11182069778442383,-5.412736415863037
5081.71800382961,1396.60867892407,-0.27867281436920166,-5.412736415863037
5079.0532802591315,1396.62088595532,-0.21403205394744873,-5.412736415863037
5076.388603269851,1396.63309298657,-0.21835041046142578,-5.412736415863037
5073.723972860373,1396.64530001782,0.01916038990020752,-5.412736415863037
5071.0593890296295,1396.65750704907,1.2903752326965332,-5.412736415863037
5068.394851776291,1396.66971408032,1.4004594087600708,-5.412736415863037
5065.730361099159,1396.68192111157,0.24500125646591187,-5.412736415863037
5063.065916997102,1396.69412814282,0.3438250422477722,-5.412736415863037
5060.401519468855,1396.70633517407,0.31925857067108154,-5.412736415863037
5057.7371685130865,1396.71854220532,0.008852958679199219,-5.412736415863037
5055.072864128665,1396.73074923657,0.7057461738586426,-5.412736415863037
5052.408606314459,1396.74295626782,0.20074886083602905,-5.412736415863037
5049.744395069137,1396.75516329907,-0.5295608043670654,-5.412736415863037
5047.080230391434,1396.76737033032,0.3595603108406067,-5.412736415863037
5044.416112280219,1396.77957736157,2.216282606124878,-5.412736415863037
5041.752040734226,1396.79178439282,2.4436044692993164,-5.412736415863037
5039.088015752258,1396.80399142407,0.6492226123809814,-5.412736415863037
5036.424037333183,1396.81619845532,0.15270507335662842,-5.412736415863037
5033.760105475602,1396.82840548657,0.857853353023529,-5.412736415863037
5031.096220178386,1396.84061251782,1.347448706626892,-5.412736415863037
5028.432381440268,1396.85281954907,0.4797367453575134,-5.412736415863037
5025.768589260117,1396.86502658032,-0.6418625116348267,-5.412736415863037
5023.104843636735,1396.87723361157,-0.547698974609375,-5.412736415863037
5020.441144568723,1396.88944064282,-0.4367252588272095,-5.412736415863037
5017.777492054951,1396.90164767407,-0.15496981143951416,-5.412736415863037
5015.113886094286,1396.91385470532,-0.2062244415283203,-5.412736415863037
5012.450326685397,1396.92606173657,-1.0484782457351685,-5.412736415863037
5009.786813827153,1396.93826876782,-1.8028236627578735,-5.412736415863037
5007.1233475182225,1396.95047579907,-1.8513984680175781,-5.412736415863037
5004.459927757406,1396.96268283032,-1.5853509902954102,-5.412736415863037
5001.796554543574,1396.97488986157,-0.7460085153579712,-5.412736415863037
4999.13322787546,1396.98709689282,1.3115404844284058,-5.412736415863037
4996.469947751866,1396.99930392407,1.839355707168579,-5.412736415863037
4993.806714171528,1397.01151095532,0.44626760482788086,-5.412736415863037
4991.1435271332475,1397.02371798657,-0.7383208274841309,-5.412736415863037
4988.48038663576,1397.03592501782,-0.8501020669937134,-5.412736415863037
4985.817292677866,1397.04813204907,-0.5630077123641968,-5.412736415863037
4983.154245258435,1397.06033908032,-1.4080753326416016,-5.412736415863037
4980.491244376135,1397.07254611157,-0.9791319370269775,-5.412736415863037
4977.828290029835,1397.08475314282,0.7191804647445679,-5.412736415863037
4975.165382218204,1397.09696017407,1.0818219184875488,-5.412736415863037
4972.502520940109,1397.10916720532,0.5398579835891724,-5.412736415863037
4969.839706194353,1397.12137423657,-1.1716420650482178,-5.412736415863037
4967.176937979605,1397.13358126782,-2.781342029571533,-5.412736415863037
4964.514216294731,1397.14578829907,-1.6193954944610596,-5.412736415863037
4961.851541138469,1397.15799533032,0.6483180522918701,-5.412736415863037
4959.188912509685,1397.17020236157,1.2996711730957031,-5.412736415863037
4956.5263304070495,1397.18240939282,1.2673850059509277,-5.412736415863037
4953.86379482943,1397.19461642407,1.5107085704803467,-5.412736415863037
4951.201305775496,1397.20682345532,1.8680413961410522,-5.412736415863037
4948.538863244181,1397.21903048657,0.7547548413276672,-5.412736415863037
4945.876467234154,1397.23123751782,-0.9700422286987305,-5.412736415863037
4943.214117744218,1397.24344454907,-0.40865659713745117,-5.412736415863037
4940.551814773106,1397.25565158032,0.6428359746932983,-5.412736415863037
4937.889558319756,1397.26785861157,1.1637026071548462,-5.412736415863037
4935.227348382768,1397.28006564282,1.0760760307312012,-5.412736415863037
4932.565184961077,1397.29227267407,0.6396207809448242,-5.412736415863037
4929.903068053285,1397.30447970532,1.0351108312606812,-5.412736415863037
4927.240997658328,1397.31668673657,0.2847468852996826,-5.412736415863037
4924.57897377494,1397.32889376782,-1.087404727935791,-5.412736415863037
4921.916996401924,1397.34110079907,-0.7902960777282715,-5.412736415863037
4919.255065538014,1397.35330783032,0.08075463771820068,-5.412736415863037
4916.593181182012,1397.36551486157,0.3341718912124634,-5.412736415863037
4913.931343332721,1397.37772189282,-0.022899746894836426,-5.412736415863037
4911.269551988808,1397.38992892407,-0.42631494998931885,-5.412736415863037
4908.607807149209,1397.40213595532,-1.0515613555908203,-5.412736415863037
4905.946108812726,1397.41434298657,-1.5702427625656128,-5.412736415863037
4903.284456977961,1397.42655001782,-1.4999897480010986,-5.412736415863037
4900.62285164378,1397.43875704907,-3.060175657272339,-5.412736415863037
4897.961292808988,1397.45096408032,-4.277069568634033,-5.412736415863037
4895.299780472386,1397.46317111157,-2.3453030586242676,-5.412736415863037
4892.638314632708,1397.47537814282,0.1274878978729248,-5.412736415863037
4889.976895288757,1397.48758517407,0.5643042325973511,-5.412736415863037
4887.315522439334,1397.49979220532,-1.3777531385421753,-5.412736415863037
4884.654196083108,1397.51199923657,-2.5733389854431152,-5.412736415863037
4881.992916219014,1397.52420626782,-0.7208476066589355,-5.412736415863037
4879.331682845787,1397.53641329907,1.634099006652832,-5.412736415863037
4876.670495962162,1397.54862033032,1.579067349433899,-5.412736415863037
4874.009355566942,1397.56082736157,0.6394165754318237,-5.412736415863037
4871.348261658927,1397.57303439282,0.03596067428588867,-5.412736415863037
4868.687214236854,1397.58524142407,-0.9581958055496216,-5.412736415863037
4866.02621329959,1397.59744845532,-0.6489361524581909,-5.412736415863037
4863.365258845871,1397.60965548657,-0.09324371814727783,-5.412736415863037
4860.704350874432,1397.62186251782,0.045601218938827515,-5.412736415863037
4858.043489384074,1397.63406954907,1.3349330425262451,-5.412736415863037
4855.3826743736,1397.64627658032,1.3788334131240845,-5.412736415863037
4852.721905841878,1397.65848361157,1.1446869373321533,-5.412736415863037
4850.061183787576,1397.67069064282,1.5079684257507324,-5.412736415863037
4847.40050820943,1397.68289767407,0.5407395958900452,-5.412736415863037
4844.739879106375,1397.69510470532,0.29814398288726807,-5.412736415863037
4842.079296477079,1397.70731173657,0.5149351358413696,-5.412736415863037
4839.418760320411,1397.71951876782,0.1589508056640625,-5.412736415863037
4836.7582706350395,1397.73172579907,0.4447218179702759,-5.412736415863037
4834.097827419832,1397.74393283032,0.890480637550354,-5.412736415863037
4831.437430673591,1397.75613986157,0.482387900352478,-5.412736415863037
4828.777080394985,1397.76834689282,0.14534622430801392,-5.412736415863037
4826.116776583017,1397.78055392407,1.2165007591247559,-5.412736415863037
4823.456519236153,1397.79276095532,2.0426783561706543,-5.412736415863037
4820.796308353463,1397.80496798657,1.629478931427002,-5.412736415863037
4818.13614393355,1397.81717501782,0.9834909439086914,-5.412736415863037
4815.476025975279,1397.82938204907,0.21140241622924805,-5.412736415863037
4812.815954477389,1397.84158908032,-0.9848358631134033,-5.412736415863037
4810.15592943868,1397.85379611157,-1.4942395687103271,-5.412736415863037
4807.495950857952,1397.86600314282,-0.24752986431121826,-5.412736415863037
4804.83601873401,1397.87821017407,0.0036901235580444336,-5.412736415863037
4802.176133065655,1397.89041720532,-1.225653886795044,-5.412736415863037
4799.516293851488,1397.90262423657,-0.4341410994529724,-5.412736415863037
4796.856501090511,1397.91483126782,0.6737167835235596,-5.412736415863037
4794.196754781393,1397.92703829907,-0.20520800352096558,-5.412736415863037
4791.537054922935,1397.93924533032,-0.8788319826126099,-5.412736415863037
4788.87740151394,1397.95145236157,-0.574109673500061,-5.412736415863037
4786.217794553208,1397.96365939282,-0.054532766342163086,-5.412736415863037
4783.5582340394085,1397.97586642407,-0.20345640182495117,-5.412736415863037
4780.8987199714775,1397.98807345532,-0.5103447437286377,-5.412736415863037
4778.239252348083,1398.00028048657,0.1714165210723877,-5.412736415863037
4775.579831168159,1398.01248751782,-0.12617766857147217,-5.412736415863037
4772.920456430309,1398.02469454907,-1.3014637231826782,-5.412736415863037
4770.2611281334,1398.03690158032,-0.34443557262420654,-5.412736415863037
4767.601846276234,1398.04910861157,1.2449185848236084,-5.412736415863037
4764.942610857548,1398.06131564282,0.5728803873062134,-5.412736415863037
4762.283421876142,1398.07352267407,0.19643095135688782,-5.412736415863037
4759.624279330817,1398.08572970532,1.7231721878051758,-5.412736415863037
4756.965183220377,1398.09793673657,2.414287567138672,-5.412736415863037
4754.30613354349,1398.11014376782,1.7289866209030151,-5.412736415863037
4751.64713029909,1398.12235079907,1.0820538997650146,-5.412736415863037
4748.988173485914,1398.13455783032,0.9625726938247681,-5.412736415863037
4746.329263102694,1398.14676486157,0.4949607253074646,-5.412736415863037
4743.670399148235,1398.15897189282,-0.15323233604431152,-5.412736415863037
4741.011581621272,1398.17117892407,-0.21585774421691895,-5.412736415863037
4738.352810520738,1398.18338595532,0.8038421869277954,-5.412736415863037
4735.694085845369,1398.19559298657,2.2991249561309814,-5.412736415863037
4733.035407593834,1398.20780001782,2.4958930015563965,-5.412736415863037
4730.376775765001,1398.22000704907,1.9189915657043457,-5.412736415863037
4727.718190357606,1398.23221408032,1.626060128211975,-5.412736415863037
4725.059651370516,1398.24442111157,1.0603721141815186,-5.412736415863037
4722.401158802468,1398.25662814282,1.3429549932479858,-5.412736415863037
4719.7427126522625,1398.26883517407,2.1082422733306885,-5.412736415863037
4717.084312918634,1398.28104220532,0.499219685792923,-5.412736415863037
4714.425959600453,1398.29324923657,-0.8031575679779053,-5.412736415863037
4711.767652696387,1398.30545626782,-0.14084208011627197,-5.412736415863037
4709.109392205371,1398.31766329907,0.9425308108329773,-5.412736415863037
4706.451178126073,1398.32987033032,2.058361053466797,-5.412736415863037
4703.793010457295,1398.34207736157,1.9927542209625244,-5.412736415863037
4701.13488919784,1398.35428439282,0.11458909511566162,-5.412736415863037
4698.476814346443,1398.36649142407,-1.1419516801834106,-5.412736415863037
4695.818785902036,1398.37869845532,-0.7918243408203125,-5.412736415863037
4693.160803863226,1398.39090548657,-1.0369654893875122,-5.412736415863037
4690.502868228878,1398.40311251782,-0.8896794319152832,-5.412736415863037
4687.844978997794,1398.41531954907,0.31762588024139404,-5.412736415863037
4685.18713616871,1398.42752658032,0.9387327432632446,-5.412736415863037
