A190273_conv.ecsv
# %ECSV 1.0
# ---
# datatype:
# - {name: VHELIO, datatype: float64}
# - {name: FREQUENCY, datatype: float64}
# - {name: FLUX, datatype: float64}
# - {name: BASELINE, datatype: float64}
# delimiter: ','
# meta: !!omap
# - {EXTNAME: Single Dish}
# - {OBSERVAT: Arecibo Observatory}
# - {TELESCOP: Arecibo Radio Telescope}
# - {INSTRUME: L-Band Wide}
# - {BACKEND: Interim correlator}
# - {BEAM: '3.3'}
# - {NANVALUE: -999.0}
# - {OBJECT: AGC 190273}
# - {NAME: ''}
# - {HISRC: A092457.4+113231}
# - {ORIGIN: SavFITSconvert.py conversion D Craig}
# - {RA: 141.23917111780648}
# - {DEC: 11.541388951711713}
# - {EQUINOX: 2000.0}
# - {RESTFRQ: 1420405800.0}
# - {BW: 24.98779296875}
# - {CHAN: 2048}
# - {V21SYS: 3629.4397}
# - comments: [Undergraduate ALFALFA Team (UAT), 'Last updated: 2023-08-07T20:24:16.675639 UTC (SavFITSconvert)', 'Strong absorption at
#       2500 km/s. Detection is weak, appears horned but co', uld be gaussian., WARNING! Converted by early version of SavFITSconvert.py]
# schema: astropy-2.0
VHELIO,FREQUENCY,FLUX,BASELINE
6425.316263001304,1390.48074923657,1.4047675132751465,-5.412736415863037
6422.628000595576,1390.49295626782,0.6231675744056702,-5.412736415863037
6419.939785389523,1390.50516329907,0.4751927852630615,-5.412736415863037
6417.251617382015,1390.51737033032,0.10899806022644043,-5.412736415863037
6414.563496571586,1390.52957736157,-0.6482770442962646,-5.412736415863037
6411.875422957172,1390.54178439282,-1.5126259326934814,-5.412736415863037
6409.187396537441,1390.55399142407,-1.722658634185791,-5.412736415863037
6406.499417311195,1390.56619845532,-0.08068192005157471,-5.412736415863037
6403.811485277236,1390.57840548657,1.1568207740783691,-5.412736415863037
6401.123600434232,1390.59061251782,0.5738004446029663,-5.412736415863037
6398.435762780919,1390.60281954907,-0.711258053779602,-5.412736415863037
6395.747972316098,1390.61502658032,-1.0620038509368896,-5.412736415863037
6393.0602290385705,1390.62723361157,0.4022267460823059,-5.412736415863037
6390.37253294714,1390.63944064282,1.420127511024475,-5.412736415863037
6387.684884040341,1390.65164767407,0.4423521161079407,-5.412736415863037
6384.997282317107,1390.66385470532,-0.881556510925293,-5.412736415863037
6382.309727776176,1390.67606173657,-0.47491955757141113,-5.412736415863037
6379.622220416282,1390.68826876782,0.19660186767578125,-5.412736415863037
6376.934760236293,1390.70047579907,-0.546775221824646,-5.412736415863037
6374.247347234745,1390.71268283032,-0.19270360469818115,-5.412736415863037
6371.559981410505,1390.72488986157,0.7934666872024536,-5.412736415863037
6368.872662762376,1390.73709689282,1.296294093132019,-5.412736415863037
6366.185391289095,1390.74930392407,1.0043326616287231,-5.412736415863037
6363.498166989393,1390.76151095532,-0.6891657114028931,-5.412736415863037
6360.810989862009,1390.77371798657,-0.39721208810806274,-5.412736415863037
6358.12385990581,1390.78592501782,2.099144697189331,-5.412736415863037
6355.436777119397,1390.79813204907,2.781789541244507,-5.412736415863037
6352.749741501573,1390.81033908032,0.6600461602210999,-5.412736415863037
6350.062753051273,1390.82254611157,-0.3263803720474243,-5.412736415863037
6347.375811767032,1390.83475314282,0.6352360248565674,-5.412736415863037
6344.6889176476525,1390.84696017407,0.3387998342514038,-5.412736415863037
6342.002070691936,1390.85916720532,-0.3763803243637085,-5.412736415863037
6339.315270898616,1390.87137423657,0.5314710140228271,-5.412736415863037
6336.628518266564,1390.88358126782,2.248946189880371,-5.412736415863037
6333.94181279438,1390.89578829907,2.406219720840454,-5.412736415863037
6331.255154480866,1390.90799533032,1.4131581783294678,-5.412736415863037
6328.568543324824,1390.92020236157,0.40003085136413574,-5.412736415863037
6325.881979324923,1390.93240939282,-0.41734981536865234,-5.412736415863037
6323.195462480097,1390.94461642407,-0.2744046449661255,-5.412736415863037
6320.508992788949,1390.95682345532,-0.27014660835266113,-5.412736415863037
6317.822570250214,1390.96903048657,-0.4640282392501831,-5.412736415863037
6315.136194862761,1390.98123751782,0.4253349304199219,-5.412736415863037
6312.449866625324,1390.99344454907,0.8571966886520386,-5.412736415863037
6309.763585536638,1391.00565158032,0.22384905815124512,-5.412736415863037
6307.07735159544,1391.01785861157,0.2715475559234619,-5.412736415863037
6304.39116480053,1391.03006564282,0.6910663843154907,-5.412736415863037
6301.705025150644,1391.04227267407,1.15627920627594,-5.412736415863037
6299.018932644584,1391.05447970532,1.3002477884292603,-5.412736415863037
6296.332887281085,1391.06668673657,0.5692383050918579,-5.412736415863037
6293.646889058816,1391.07889376782,-0.16842854022979736,-5.412736415863037
6290.960937976644,1391.09110079907,0.29905974864959717,-5.412736415863037
6288.275034033306,1391.10330783032,1.6595218181610107,-5.412736415863037
6285.589177227603,1391.11551486157,1.5695655345916748,-5.412736415863037
6282.903367558203,1391.12772189282,0.6130983233451843,-5.412736415863037
6280.217605023909,1391.13992892407,0.386263370513916,-5.412736415863037
6277.531889623455,1391.15213595532,0.059201598167419434,-5.412736415863037
6274.846221355644,1391.16434298657,-0.28885412216186523,-5.412736415863037
6272.1606002192775,1391.17655001782,-0.2451404333114624,-5.412736415863037
6269.475026212956,1391.18875704907,-0.7546613216400146,-5.412736415863037
6266.78949933555,1391.20096408032,-1.5935604572296143,-5.412736415863037
6264.104019585795,1391.21317111157,-0.7381551265716553,-5.412736415863037
6261.418586962491,1391.22537814282,0.28072500228881836,-5.412736415863037
6258.7332014643725,1391.23758517407,-0.3636397123336792,-5.412736415863037
6256.047863090178,1391.24979220532,-1.5905627012252808,-5.412736415863037
6253.362571838707,1391.26199923657,-2.633058547973633,-5.412736415863037
6250.677327708628,1391.27420626782,-1.0084445476531982,-5.412736415863037
6247.99213069881,1391.28641329907,0.9765647649765015,-5.412736415863037
6245.306980807988,1391.29862033032,-0.06559234857559204,-5.412736415863037
6242.621878034897,1391.31082736157,-0.720130205154419,-5.412736415863037
6239.936822378273,1391.32303439282,-0.7849329710006714,-5.412736415863037
6237.251813836918,1391.33524142407,-1.7665281295776367,-5.412736415863037
6234.566852409566,1391.34744845532,-1.351523518562317,-5.412736415863037
6231.88193809502,1391.35965548657,-0.9773794412612915,-5.412736415863037
6229.1970708920135,1391.37186251782,-2.0995144844055176,-5.412736415863037
6226.512250799284,1391.38406954907,-1.2522683143615723,-5.412736415863037
6223.827477815565,1391.39627658032,0.6181269884109497,-5.412736415863037
6221.142751939725,1391.40848361157,0.5542721748352051,-5.412736415863037
6218.4580731705,1391.42069064282,-0.14180457592010498,-5.412736415863037
6215.773441506559,1391.43289767407,-0.30256545543670654,-5.412736415863037
6213.0888569467015,1391.44510470532,-0.33300912380218506,-5.412736415863037
6210.404319489666,1391.45731173657,0.19928455352783203,-5.412736415863037
6207.7198291343175,1391.46951876782,1.360546350479126,-5.412736415863037
6205.035385879328,1391.48172579907,1.3264650106430054,-5.412736415863037
6202.350989723496,1391.49393283032,0.49633485078811646,-5.412736415863037
6199.666640665492,1391.50613986157,0.7781975269317627,-5.412736415863037
6196.982338704252,1391.51834689282,0.6985347270965576,-5.412736415863037
6194.298083838309,1391.53055392407,0.0687340497970581,-5.412736415863037
6191.613876066666,1391.54276095532,-0.31952691078186035,-5.412736415863037
6188.929715387925,1391.55496798657,-0.7432163953781128,-5.412736415863037
6186.245601800887,1391.56717501782,-0.684548020362854,-5.412736415863037
6183.561535304289,1391.57938204907,-1.3424431085586548,-5.412736415863037
6180.877515896863,1391.59158908032,-2.3618855476379395,-5.412736415863037
6178.193543577547,1391.60379611157,-2.1062755584716797,-5.412736415863037
6175.509618344876,1391.61600314282,-1.104454517364502,-5.412736415863037
6172.8257401977835,1391.62821017407,-0.061983704566955566,-5.412736415863037
6170.141909134873,1391.64041720532,0.5434044599533081,-5.412736415863037
6167.458125155012,1391.65262423657,0.9813460111618042,-5.412736415863037
6164.774388257002,1391.66483126782,1.1875132322311401,-5.412736415863037
6162.090698439513,1391.67703829907,0.8773432970046997,-5.412736415863037
6159.407055701346,1391.68924533032,0.6999434232711792,-5.412736415863037
6156.723460041169,1391.70145236157,0.984291136264801,-5.412736415863037
6154.039911457919,1391.71365939282,0.868505597114563,-5.412736415863037
6151.356409950262,1391.72586642407,0.4265660047531128,-5.412736415863037
6148.672955516935,1391.73807345532,0.36445116996765137,-5.412736415863037
6145.989548156673,1391.75028048657,-0.2992244362831116,-5.412736415863037
6143.306187868343,1391.76248751782,-1.476668119430542,-5.412736415863037
6140.622874650682,1391.77469454907,-2.4131228923797607,-5.412736415863037
6137.939608502425,1391.78690158032,-2.5846474170684814,-5.412736415863037
6135.256389422239,1391.79910861157,-2.003323554992676,-5.412736415863037
6132.573217409061,1391.81131564282,-1.7690856456756592,-5.412736415863037
6129.890092461558,1391.82352267407,-1.2753205299377441,-5.412736415863037
6127.207014578467,1391.83572970532,0.1760561466217041,-5.412736415863037
6124.523983758655,1391.84793673657,-0.05252772569656372,-5.412736415863037
6121.841000000724,1391.86014376782,-2.0768651962280273,-5.412736415863037
6119.158063303543,1391.87235079907,-2.041518211364746,-5.412736415863037
6116.475173665914,1391.88455783032,-0.1187434196472168,-5.412736415863037
6113.7923310865035,1391.89676486157,0.8385653495788574,-5.412736415863037
6111.109535564116,1391.90897189282,0.6003892421722412,-5.412736415863037
6108.426787097486,1391.92117892407,0.34950315952301025,-5.412736415863037
6105.7440856854155,1391.93338595532,0.9219212532043457,-5.412736415863037
6103.061431326705,1391.94559298657,1.5748668909072876,-5.412736415863037
6100.378824020024,1391.95780001782,0.864293098449707,-5.412736415863037
6097.696263764175,1391.97000704907,-0.8920831680297852,-5.412736415863037
6095.0137505578905,1391.98221408032,-1.760772943496704,-5.412736415863037
6092.331284399976,1391.99442111157,-1.027719259262085,-5.412736415863037
6089.648865289164,1392.00662814282,-0.14744055271148682,-5.412736415863037
6086.966493224258,1392.01883517407,-0.37789857387542725,-5.412736415863037
6084.284168203925,1392.03104220532,-1.6581364870071411,-5.412736415863037
6081.601890227035,1392.04324923657,-2.5463380813598633,-5.412736415863037
6078.919659292323,1392.05545626782,-2.2199199199676514,-5.412736415863037
6076.237475398523,1392.06766329907,-0.8930025100708008,-5.412736415863037
6073.555338544437,1392.07987033032,0.45067906379699707,-5.412736415863037
6070.873248728802,1392.09207736157,0.6417281627655029,-5.412736415863037
6068.191205950351,1392.10428439282,0.3429306745529175,-5.412736415863037
6065.509210207887,1392.11649142407,0.014703154563903809,-5.412736415863037
6062.827261500144,1392.12869845532,-0.9317728281021118,-5.412736415863037
6060.145359825993,1392.14090548657,-2.346756935119629,-5.412736415863037
6057.463505184033,1392.15311251782,-2.312378168106079,-5.412736415863037
6054.781697573135,1392.16531954907,-0.4147180914878845,-5.412736415863037
6052.0999369919655,1392.17752658032,-0.17470061779022217,-5.412736415863037
6049.418223439394,1392.18973361157,-1.8262057304382324,-5.412736415863037
6046.736556914155,1392.20194064282,-1.87478768825531,-5.412736415863037
6044.054937414985,1392.21414767407,-0.43548429012298584,-5.412736415863037
6041.373364940618,1392.22635470532,0.712443470954895,-5.412736415863037
6038.691839489922,1392.23856173657,0.4215165376663208,-5.412736415863037
6036.010361061568,1392.25076876782,-1.4147577285766602,-5.412736415863037
6033.328929654355,1392.26297579907,-1.8607163429260254,-5.412736415863037
6030.64754526702,1392.27518283032,-0.9283604621887207,-5.412736415863037
6027.966207898364,1392.28738986157,-0.8887052536010742,-5.412736415863037
6025.2849175470565,1392.29959689282,-0.3183166980743408,-5.412736415863037
6022.6036742120305,1392.31180392407,0.0878974199295044,-5.412736415863037
6019.922477891957,1392.32401095532,0.13488930463790894,-5.412736415863037
6017.241328585504,1392.33621798657,1.4406236410140991,-5.412736415863037
6014.5602262916045,1392.34842501782,1.6153507232666016,-5.412736415863037
6011.87917100893,1392.36063204907,-0.43136823177337646,-5.412736415863037
6009.198162736214,1392.37283908032,-1.2856816053390503,-5.412736415863037
6006.517201472325,1392.38504611157,-0.14883065223693848,-5.412736415863037
6003.836287215932,1392.39725314282,1.284585952758789,-5.412736415863037
6001.155419965837,1392.40946017407,2.399449348449707,-5.412736415863037
5998.474599720775,1392.42166720532,1.7532539367675781,-5.412736415863037
5995.7938264795475,1392.43387423657,0.7281928062438965,-5.412736415863037
5993.113100240957,1392.44608126782,-0.07820689678192139,-5.412736415863037
5990.43242100367,1392.45828829907,-1.552866816520691,-5.412736415863037
5987.751788766492,1392.47049533032,-1.8858344554901123,-5.412736415863037
5985.071203528221,1392.48270236157,-0.4644736647605896,-5.412736415863037
5982.390665287595,1392.49490939282,0.03365218639373779,-5.412736415863037
5979.710174043348,1392.50711642407,-0.08312350511550903,-5.412736415863037
5977.0297297942825,1392.51932345532,0.9613698720932007,-5.412736415863037
5974.349332539133,1392.53153048657,1.0710241794586182,-5.412736415863037
5971.668982276634,1392.54373751782,1.8346080780029297,-5.412736415863037
5968.988679005722,1392.55594454907,2.989231586456299,-5.412736415863037
5966.308422724932,1392.56815158032,1.6369000673294067,-5.412736415863037
5963.628213433198,1392.58035861157,1.0335395336151123,-5.412736415863037
5960.948051129123,1392.59256564282,2.7896456718444824,-5.412736415863037
5958.267935811643,1392.60477267407,3.6654295921325684,-5.412736415863037
5955.587867479491,1392.61697970532,1.7155940532684326,-5.412736415863037
5952.90784613127,1392.62918673657,-1.924598217010498,-5.412736415863037
5950.227871765916,1392.64139376782,-2.9287900924682617,-5.412736415863037
5947.547944382162,1392.65360079907,-1.1311414241790771,-5.412736415863037
5944.868063978678,1392.66580783032,-0.2999225854873657,-5.412736415863037
5942.1882305543995,1392.67801486157,0.5993881225585938,-5.412736415863037
5939.508444107928,1392.69022189282,1.8518142700195312,-5.412736415863037
5936.828704638131,1392.70242892407,0.9782273769378662,-5.412736415863037
5934.149012143678,1392.71463595532,-1.3496581315994263,-5.412736415863037
5931.469366623438,1392.72684298657,-1.8596327304840088,-5.412736415863037
5928.789768076145,1392.73905001782,-0.2180081009864807,-5.412736415863037
5926.110216500469,1392.75125704907,0.4452378749847412,-5.412736415863037
5923.4307118952765,1392.76346408032,-0.5639339089393616,-5.412736415863037
5920.751254259304,1392.77567111157,0.18773624300956726,-5.412736415863037
5918.071843591352,1392.78787814282,1.104480504989624,-5.412736415863037
5915.392479890158,1392.80008517407,-0.09722176194190979,-5.412736415863037
5912.713163154523,1392.81229220532,-1.346381425857544,-5.412736415863037
5910.033893383047,1392.82449923657,-1.4062516689300537,-5.412736415863037
5907.354670574734,1392.83670626782,0.11985445022583008,-5.412736415863037
5904.675494728185,1392.84891329907,0.11217498779296875,-5.412736415863037
5901.996365842269,1392.86112033032,-0.8214302062988281,-5.412736415863037
5899.317283915588,1392.87332736157,-0.5414901971817017,-5.412736415863037
5896.638248947075,1392.88553439282,0.003498673439025879,-5.412736415863037
5893.959260935468,1392.89774142407,0.03692066669464111,-5.412736415863037
5891.2803198795,1392.90994845532,0.11725419759750366,-5.412736415863037
5888.601425777975,1392.92215548657,1.1980526447296143,-5.412736415863037
5885.922578629559,1392.93436251782,1.6096246242523193,-5.412736415863037
5883.243778433057,1392.94656954907,1.8526957035064697,-5.412736415863037
5880.565025187268,1392.95877658032,1.5930962562561035,-5.412736415863037
5877.8863188909945,1392.97098361157,-0.016410887241363525,-5.412736415863037
5875.207659542973,1392.98319064282,0.5848474502563477,-5.412736415863037
5872.529047141937,1392.99539767407,2.559213399887085,-5.412736415863037
5869.8504816866225,1393.00760470532,1.664027452468872,-5.412736415863037
5867.1719631758315,1393.01981173657,0.2071366310119629,-5.412736415863037
5864.493491608365,1393.03201876782,0.741789698600769,-5.412736415863037
5861.815066983026,1393.04422579907,1.3619954586029053,-5.412736415863037
5859.1366892984815,1393.05643283032,0.8317394256591797,-5.412736415863037
5856.458358553469,1393.06863986157,-0.22490501403808594,-5.412736415863037
5853.780074746855,1393.08084689282,-0.24368202686309814,-5.412736415863037
5851.101837877375,1393.09305392407,0.08047890663146973,-5.412736415863037
5848.423647943831,1393.10526095532,-0.378118634223938,-5.412736415863037
5845.745504944959,1393.11746798657,-0.4596153497695923,-5.412736415863037
