A190273_conv.ecsv
# %ECSV 1.0
# ---
# datatype:
# - {name: VHELIO, datatype: float64}
# - {name: FREQUENCY, datatype: float64}
# - {name: FLUX, datatype: float64}
# - {name: BASELINE, datatype: float64}
# delimiter: ','
# meta: !!omap
# - {EXTNAME: Single Dish}
# - {OBSERVAT: Arecibo Observatory}
# - {TELESCOP: Arecibo Radio Telescope}
# - {INSTRUME: L-Band Wide}
# - {BACKEND: Interim correlator}
# - {BEAM: '3.3'}
# - {NANVALUE: -999.0}
# - {OBJECT: AGC 190273}
# - {NAME: ''}
# - {HISRC: A092457.4+113231}
# - {ORIGIN: SavFITSconvert.py conversion D Craig}
# - {RA: 141.23917111780648}
# - {DEC: 11.541388951711713}
# - {EQUINOX: 2000.0}
# - {RESTFRQ: 1420405800.0}
# - {BW: 24.98779296875}
# - {CHAN: 2048}
# - {V21SYS: 3629.4397}
# - comments: [Undergraduate ALFALFA Team (UAT), 'Last updated: 2023-08-07T20:24:16.675639 UTC (SavFITSconvert)', 'Strong absorption at
#       2500 km/s. Detection is weak, appears horned but co', uld be gaussian., WARNING! Converted by early version of SavFITSconvert.py]
# schema: astropy-2.0
VHELIO,FREQUENCY,FLUX,BASELINE
[from data line 1951]
1268.790364632536,1414.29666720532,-1.4397833347320557,-5.412736415863037
1266.1918770362722,1414.30887423657,-1.9748599529266357,-5.412736415863037
1263.5934342952505,1414.32108126782,-1.3135887384414673,-5.412736415863037
1260.995036408206,1414.33328829907,-1.5044074058532715,-5.412736415863037
1258.3966833740737,1414.34549533032,-1.4447333812713623,-5.412736415863037
1255.798375191589,1414.35770236157,-1.0857659578323364,-5.412736415863037
1253.2001118596866,1414.36990939282,-0.48343873023986816,-5.412736415863037
1250.6018933771682,1414.38211642407,0.23396193981170654,-5.412736415863037
1248.0037197429021,1414.39432345532,-0.5847219228744507,-5.412736415863037
1245.4055909556241,1414.40653048657,-1.3705661296844482,-5.412736415863037
1242.8075070142684,1414.41873751782,-1.4479260444641113,-5.412736415863037
1240.2094679176373,1414.43094454907,-2.577554225921631,-5.412736415863037
1237.6114736646655,1414.44315158032,-2.4196672439575195,-5.412736415863037
1235.0135242540216,1414.45535861157,-0.5547938346862793,-5.412736415863037
1232.4156196846407,1414.46756564282,-0.012099266052246094,-5.412736415863037
1229.8177599553244,1414.47977267407,-0.6352953910827637,-5.412736415863037
1227.2199450650744,1414.49197970532,-2.0270438194274902,-5.412736415863037
1224.6221750124926,1414.50418673657,-1.8976306915283203,-5.412736415863037
1222.024449796514,1414.51639376782,-0.015459239482879639,-5.412736415863037
1219.426769416007,1414.52860079907,-0.17782482504844666,-5.412736415863037
1216.8291338697734,1414.54080783032,-0.5927717685699463,-5.412736415863037
1214.2315431566813,1414.55301486157,-0.07748949527740479,-5.412736415863037
1211.633997275533,1414.56522189282,0.9645968675613403,-5.412736415863037
1209.0364962251963,1414.57742892407,1.8925883769989014,-5.412736415863037
1206.4390400045397,1414.58963595532,1.4815155267715454,-5.412736415863037
1203.8416286123654,1414.60184298657,1.036034345626831,-5.412736415863037
1201.2442620475413,1414.61405001782,0.23013770580291748,-5.412736415863037
1198.6469403088026,1414.62625704907,-0.33568209409713745,-5.412736415863037
1196.0496633950847,1414.63846408032,-0.2309558391571045,-5.412736415863037
1193.4524313052555,1414.65067111157,-0.16699910163879395,-5.412736415863037
1190.8552440380504,1414.66287814282,0.6455227136611938,-5.412736415863037
1188.2581015924707,1414.67508517407,0.6366917490959167,-5.412736415863037
1185.6610039671855,1414.68729220532,-0.1686168909072876,-5.412736415863037
1183.0639511611291,1414.69949923657,-0.8549737930297852,-5.412736415863037
1180.4669431730372,1414.71170626782,-1.4113787412643433,-5.412736415863037
1177.8699800019112,1414.72391329907,-1.05816650390625,-5.412736415863037
1175.2730616464862,1414.73612033032,-1.0846991539001465,-5.412736415863037
1172.6761881056307,1414.74832736157,-1.3171532154083252,-5.412736415863037
1170.0793593781464,1414.76053439282,-0.28291231393814087,-5.412736415863037
1167.4825754629017,1414.77274142407,0.3406984806060791,-5.412736415863037
1164.885836358765,1414.78494845532,-1.4571099281311035,-5.412736415863037
1162.2891420646044,1414.79715548657,-2.3842029571533203,-5.412736415863037
1159.6924925791552,1414.80936251782,-1.0754890441894531,-5.412736415863037
1157.095887901286,1414.82156954907,-0.7092792987823486,-5.412736415863037
1154.4993280298652,1414.83377658032,-0.6917818784713745,-5.412736415863037
1151.9028129636943,1414.84598361157,0.13665026426315308,-5.412736415863037
1149.3063427017082,1414.85819064282,1.090944766998291,-5.412736415863037
1146.7099172427088,1414.87039767407,0.5804892182350159,-5.412736415863037
1144.1135365854313,1414.88260470532,-0.8780110478401184,-5.412736415863037
1141.5172007288775,1414.89481173657,-0.22008538246154785,-5.412736415863037
1138.9209096717157,1414.90701876782,0.1710348129272461,-5.412736415863037
1136.3246634130137,1414.91922579907,-0.6562874913215637,-5.412736415863037
1133.7284619513744,1414.93143283032,0.030977368354797363,-5.412736415863037
1131.132305285732,1414.94363986157,0.061442792415618896,-5.412736415863037
1128.536193414955,1414.95584689282,-0.7606296539306641,-5.412736415863037
1125.940126337912,1414.96805392407,0.1297096610069275,-5.412736415863037
1123.3441040534046,1414.98026095532,1.2710020542144775,-5.412736415863037
1120.7481265602348,1414.99246798657,0.4909432530403137,-5.412736415863037
1118.1521938572705,1415.00467501782,-0.7000464200973511,-5.412736415863037
1115.556305943314,1415.01688204907,-0.9853659868240356,-5.412736415863037
1112.9604628173,1415.02908908032,-0.9659452438354492,-5.412736415863037
1110.3646644780304,1415.04129611157,-0.37697887420654297,-5.412736415863037
1107.7689109243065,1415.05350314282,0.0854257345199585,-5.412736415863037
1105.1732021549974,1415.06571017407,0.28278374671936035,-5.412736415863037
1102.577538168971,1415.07791720532,1.2126994132995605,-5.412736415863037
1099.981918965029,1415.09012423657,1.346649408340454,-5.412736415863037
1097.3863445420402,1415.10233126782,0.05557882785797119,-5.412736415863037
1094.790814898806,1415.11453829907,-1.0803931951522827,-5.412736415863037
1092.1953300341947,1415.12674533032,-0.37854862213134766,-5.412736415863037
1089.5998899470087,1415.13895236157,1.4195119142532349,-5.412736415863037
1087.0044946361822,1415.15115939282,1.5148800611495972,-5.412736415863037
1084.4091441005173,1415.16336642407,0.28109729290008545,-5.412736415863037
1081.8138383387493,1415.17557345532,0.7846176028251648,-5.412736415863037
1079.2185773498795,1415.18778048657,2.758038282394409,-5.412736415863037
1076.6233611326434,1415.19998751782,1.7400094270706177,-5.412736415863037
1074.0281896859756,1415.21219454907,-0.9430376291275024,-5.412736415863037
1071.4330630086113,1415.22440158032,-2.0422866344451904,-5.412736415863037
1068.8379810994193,1415.23660861157,-1.6553394794464111,-5.412736415863037
1066.2429439572675,1415.24881564282,-0.1351238489151001,-5.412736415863037
1063.6479515809579,1415.26102267407,-0.4807599186897278,-5.412736415863037
1061.053003969492,1415.27322970532,-1.9493587017059326,-5.412736415863037
1058.4581011214718,1415.28543673657,-0.8534639477729797,-5.412736415863037
1055.863243035899,1415.29764376782,0.9727993011474609,-5.412736415863037
1053.268429711575,1415.30985079907,0.627095639705658,-5.412736415863037
1050.6736611473018,1415.32205783032,-0.3153609037399292,-5.412736415863037
1048.0789373420143,1415.33426486157,-0.47938263416290283,-5.412736415863037
1045.4842582943813,1415.34647189282,-0.8591651916503906,-5.412736415863037
1042.8896240034708,1415.35867892407,-0.6016184091567993,-5.412736415863037
1040.2950344679514,1415.37088595532,-0.476163387298584,-5.412736415863037
1037.700489686758,1415.38309298657,-1.3600823879241943,-5.412736415863037
1035.1059896586921,1415.39530001782,-1.417959451675415,-5.412736415863037
1032.5115343826228,1415.40750704907,-0.8835103511810303,-5.412736415863037
1029.9171238572847,1415.41971408032,0.1271810531616211,-5.412736415863037
1027.3227580816795,1415.43192111157,0.7248396873474121,-5.412736415863037
1024.7284370546088,1415.44412814282,0.3641798496246338,-5.412736415863037
1022.1341607748747,1415.45633517407,-0.2576850652694702,-5.412736415863037
1019.5399292412789,1415.46854220532,-1.3433822393417358,-5.412736415863037
