test-A000879.ecsv
# %ECSV 1.0
# ---
# datatype:
# - {name: VHELIO, unit: km / s, datatype: float64}
# - {name: FREQUENCY, unit: MHz, datatype: float64}
# - {name: FLUX, unit: mJy, datatype: float32}
# - {name: BASELINE, unit: mJy, datatype: float64}
# - {name: WEIGHT, datatype: int16}
# meta: !!omap
# - {EXTNAME: Single Dish}
# - {OBSERVAT: Arecibo Observatory}
# - {TELESCOP: Arecibo Radio Telescope}
# - {INSTRUME: L-Band Wide}
# - {BACKEND: WAPPS}
# - {BEAM: '3.3'}
# - {NANVALUE: -999.0}
# - {OBJECT: AGC 879}
# - {NAME: ''}
# - {HISRC: S012059.8+341455}
# - {ORIGIN: Cornell University}
# - {RA: 20.249166}
# - {DEC: 34.248611}
# - {EQUINOX: 2000.0}
# - {RESTFRQ: 1404060000.0}
# - {BW: 24.987793}
# - {CHAN: 2048}
# - {V21SYS: 5122.24}
# - comments: ['', Arecibo Pisces-Perseus Supercluster Survey (APPSS), Undergraduate ALFALFA Team (UAT), 'Last updated: Mon Feb 28 11:32:36
#       2022 by GLH/MPH', This spectrum has been baselined.]
# schema: astropy-2.0
VHELIO FREQUENCY FLUX BASELINE WEIGHT
[from data line 1153]
5027.085045757046 1396.9788924624472 0.29476017 -2.7340067374727086 1
5024.421505746734 1396.9910994936972 0.34930855 -2.733853151305473 1
5021.758012284469 1397.0033065249472 0.6611 -2.7336995678223106 1
5019.094565369122 1397.0155135561972 1.1074742 -2.733545987023156 1
5016.43116499936 1397.0277205874472 1.5842727 -2.7333924089079322 1
5013.767811174119 1397.0399276186972 2.0239213 -2.7332388334765785 1
5011.104503891999 1397.0521346499472 2.2177267 -2.733085260729014 1
5008.441243151871 1397.0643416811972 2.072626 -2.7329316906651733 1
5005.778028952602 1397.0765487124472 1.8114296 -2.7327781232849913 1
5003.114861292794 1397.0887557436972 1.584438 -2.7326245585883875 1
5000.451740171316 1397.1009627749472 1.3927382 -2.7324709965752962 1
4997.788665586968 1397.1131698061972 1.3864955 -2.7323174372456487 1
4995.125637538488 1397.1253768374472 1.6171075 -2.732163880599372 1
4992.4626560247425 1397.1375838686972 1.8320186 -2.7320103266364004 1
4989.799721044335 1397.1497908999472 1.9351146 -2.7318567753566545 1
4987.136832596264 1397.1619979311972 2.0543308 -2.731703226760075 1
4984.473990679068 1397.1742049624472 2.118076 -2.7315496808465793 1
4981.811195291815 1397.1864119936972 2.0786338 -2.7313961376161124 1
4979.148446432972 1397.1986190249472 2.1347911 -2.731242597068586 1
4976.485744101609 1397.2108260561972 2.2496912 -2.731089059203947 1
4973.8230882963935 1397.2230330874472 2.2159822 -2.7309355240221183 1
4971.1604790159945 1397.2352401186972 2.1374152 -2.730781991523023 1
4968.497916259346 1397.2474471499472 2.1622488 -2.7306284617066003 1
4965.835400025118 1397.2596541811972 2.2157357 -2.730474934572773 1
4963.172930312179 1397.2718612124472 2.2145746 -2.7303214101214754 1
4960.510507119264 1397.2840682436972 2.1530414 -2.7301678883526357 1
4957.848130445173 1397.2962752749472 2.0871017 -2.7300143692661836 1
4955.185800288643 1397.3084823061972 2.058894 -2.7298608528620467 1
4952.523516648543 1397.3206893374472 2.075292 -2.72970733914016 1
4949.861279523539 1397.3328963686972 2.2230506 -2.729553828100446 1
4947.199088912502 1397.3451033999472 2.5032117 -2.7294003197428403 1
4944.536944814233 1397.3573104311972 2.6931655 -2.7292468140672734 1
4941.874847227399 1397.3695174624472 2.596837 -2.7290933110736684 1
4939.212796150871 1397.3817244936972 2.2107987 -2.7289398107619607 1
4936.550791583382 1397.3939315249472 1.6990244 -2.728786313132076 1
4933.888833523736 1397.4061385561972 1.2641788 -2.728632818183947 1
4931.2269219708 1397.4183455874472 0.9406833 -2.728479325917507 1
4928.565056923176 1397.4305526186972 0.738571 -2.728325836332676 1
4925.903238379732 1397.4427596499472 0.8209233 -2.728172349429389 1
4923.241466339337 1397.4549666811972 1.2224249 -2.72801886520758 1
4920.579740800594 1397.4671737124472 1.7815261 -2.7278653836671687 1
4917.9180617625025 1397.4793807436972 2.3590958 -2.727711904808098 1
4915.256429223599 1397.4915877749472 2.7675483 -2.727558428630283 1
4912.594843182886 1397.5037948061972 2.767515 -2.7274049551336663 1
4909.933303639031 1397.5160018374472 2.2920856 -2.7272514843181708 1
4907.271810590769 1397.5282088686972 1.5171725 -2.727098016183724 1
4904.610364037035 1397.5404158999472 0.7934577 -2.726944550730264 1
4901.9489639764315 1397.5526229311972 0.37470204 -2.726791087957711 1
4899.287610407893 1397.5648299624472 0.19622926 -2.7266376278660025 1
4896.626303330089 1397.5770369936972 0.09849297 -2.7264841704550626 1
4893.965042741888 1397.5892440249472 -0.035397973 -2.726330715724826 1
4891.303828642091 1397.6014510561972 -0.31809795 -2.726177263675223 1
4888.642661029299 1397.6136580874472 -0.69187534 -2.7260238143061732 1
4885.981539902516 1397.6258651186972 -0.93629855 -2.7258703676176195 1
4883.320465260342 1397.6380721499472 -0.9159617 -2.725716923609481 1
4880.659437101713 1397.6502791811972 -0.6684246 -2.725563482281696 1
4877.998455425363 1397.6624862124472 -0.33629036 -2.7254100436341924 1
4875.337520229963 1397.6746932436972 -0.086139046 -2.7252566076668923 1
4872.676631514512 1397.6869002749472 -0.035827275 -2.725103174379739 1
4870.015789277548 1397.6991073061972 -0.15281498 -2.7249497437726475 1
4867.3549935180035 1397.7113143374472 -0.29210338 -2.7247963158455564 1
4864.694244234615 1397.7235213686972 -0.4487141 -2.7246428905983935 1
4862.033541426184 1397.7357283999472 -0.6864559 -2.7244894680310887 1
4859.372885091579 1397.7479354311972 -0.80008715 -2.7243360481435777 1
4856.712275229335 1397.7601424624472 -0.5693155 -2.7241826309357755 1
4854.0517118385205 1397.7723494936972 -0.23225003 -2.7240292164076285 1
4851.391194917672 1397.7845565249472 -0.14920941 -2.723875804559052 1
4848.730724465789 1397.7967635561972 -0.23489463 -2.7237223953899887 1
4846.070300481474 1397.8089705874472 -0.30326 -2.7235689889003583 1
4843.409922963597 1397.8211776186972 -0.48162016 -2.7234155850900947 1
4840.749591911025 1397.8333846499472 -0.7051371 -2.7232621839591333 1
4838.089307322294 1397.8455916811972 -0.60778326 -2.723108785507389 1
4835.429069196472 1397.8577987124472 -0.18814464 -2.7229553897348096 1
4832.768877532094 1397.8700057436972 0.18987992 -2.7228019966413086 1
4830.108732328162 1397.8822127749472 0.35421592 -2.72264860622683 1
4827.4486335833435 1397.8944198061972 0.37360704 -2.7224952184912965 1
4824.788581296376 1397.9066268374472 0.30104202 -2.7223418334346348 1
4822.128575466126 1397.9188338686972 0.21871074 -2.72218845105678 1
4819.46861609133 1397.9310408999472 0.27912125 -2.7220350713576593 1
4816.808703170855 1397.9432479311972 0.4732453 -2.721881694337207 1
4814.1488367033035 1397.9554549624472 0.62486327 -2.7217283199953433 1
4811.489016687678 1397.9676619936972 0.6496555 -2.7215749483320097 1
4808.829243122646 1397.9798690249472 0.53006285 -2.7214215793471297 1
4806.16951600701 1397.9920760561972 0.20620671 -2.7212682130406347 1
4803.509835339505 1398.0042830874472 -0.27495667 -2.721114849412451 1
4800.850201118932 1398.0164901186972 -0.7567267 -2.7209614884625104 1
4798.190613344161 1398.0286971499472 -1.1180614 -2.720808130190747 1
4795.531072013925 1398.0409041811972 -1.2503706 -2.720654774597088 1
4792.871577126895 1398.0531112124472 -1.0638639 -2.7205014216814565 1
4790.212128682071 1398.0653182436972 -0.540697 -2.7203480714437953 1
4787.5527266780555 1398.0775252749472 0.18628067 -2.7201947238840236 1
4784.893371113717 1398.0897323061972 0.75980836 -2.720041379002076 1
4782.234061987791 1398.1019393374472 0.92638844 -2.71988803679788 1
4779.574799299078 1398.1141463686972 0.7968133 -2.719734697271366 1
4776.915583046448 1398.1263533999472 0.5064182 -2.7195813604224686 1
4774.256413228569 1398.1385604311972 0.17996912 -2.7194280262511117 1
4771.597289844242 1398.1507674624472 0.13228759 -2.719274694757226 1
4768.93821289227 1398.1629744936972 0.39493823 -2.719121365940742 1
4766.279182371453 1398.1751815249472 0.6301373 -2.718968039801591 1
4763.620198280596 1398.1873885561972 0.7160427 -2.718814716339704 1
4760.961260618431 1398.1995955874472 0.68026096 -2.718661395555008 1
4758.302369383761 1398.2118026186972 0.5094025 -2.7185080774474337 1
4755.643524575322 1398.2240096499472 0.3794339 -2.718354762016908 1
4752.984726191981 1398.2362166811972 0.47151184 -2.718201449263366 1
4750.325974232474 1398.2484237124472 0.6367427 -2.718048139186735 1
4747.66726869567 1398.2606307436972 0.6109377 -2.7178948317869494 1
4745.008609580236 1398.2728377749472 0.39102492 -2.7177415270639322 1
4742.349996884908 1398.2850448061972 0.12412526 -2.717588225017611 1
4739.691430608688 1398.2972518374472 -0.19861892 -2.7174349256479275 1
4737.0329107501775 1398.3094588686972 -0.5338594 -2.717281628954802 1
4734.374437308245 1398.3216658999472 -0.65768725 -2.7171283349381685 1
4731.716010281626 1398.3338729311972 -0.58909243 -2.7169750435979543 1
4729.0576296691215 1398.3460799624472 -0.57037777 -2.7168217549340907 1
4726.399295469534 1398.3582869936972 -0.6825432 -2.716668468946508 1
4723.741007681665 1398.3704940249472 -0.8949698 -2.7165151856351377 1
4721.08276630425 1398.3827010561972 -1.1006359 -2.716361904999906 1
4718.424571336024 1398.3949080874472 -1.0830075 -2.716208627040741 1
4715.766422775922 1398.4071151186972 -0.7621487 -2.7160553517575807 1
4713.1083206226795 1398.4193221499472 -0.27695313 -2.7159020791503523 1
4710.450264874965 1398.4315291811972 0.1901335 -2.715748809218979 1
4707.792255531713 1398.4437362124472 0.47611433 -2.7155955419633995 1
4705.1342925915915 1398.4559432436972 0.42585388 -2.715442277383537 1
4702.476376053471 1398.4681502749472 0.121661276 -2.7152890154793257 1
4699.818505916085 1398.4803573061972 -0.05746262 -2.7151357562506937 1
4697.160682178235 1398.4925643374472 0.024471145 -2.714982499697571 1
4694.502904838725 1398.5047713686972 0.13681987 -2.714829245819889 1
4691.845173896288 1398.5169783999472 0.19702151 -2.7146759946175747 1
4689.187489349793 1398.5291854311972 0.22626466 -2.7145227460905628 1
4686.52985119791 1398.5413924624472 0.1104361 -2.714369500238776 1
4683.872259439571 1398.5535994936972 -0.107183106 -2.714216257062154 1
4681.214714073381 1398.5658065249472 -0.19826359 -2.7140630165606154 1
4678.55721509834 1398.5780135561972 -0.08788749 -2.713909778734103 1
4675.8997625130505 1398.5902205874472 0.08261302 -2.713756543582536 1
4673.24235631638 1398.6024276186972 0.1582832 -2.7136033111058486 1
4670.584996507066 1398.6146346499472 0.16257729 -2.713450081303969 1
4667.927683083974 1398.6268416811972 0.21176834 -2.713296854176831 1
4665.270416045842 1398.6390487124472 0.3261239 -2.713143629724362 1
4662.613195391402 1398.6512557436972 0.4737818 -2.7129904079464895 1
4659.956021119525 1398.6634627749472 0.6372322 -2.7128371888431477 1
4657.298893228945 1398.6756698061972 0.77219373 -2.712683972414264 1
4654.641811718464 1398.6878768374472 0.7923749 -2.712530758659769 1
4651.984776586951 1398.7000838686972 0.63131595 -2.7123775475795973 1
4649.327787833007 1398.7122908999472 0.36392152 -2.7122243391736687 1
4646.670845455568 1398.7244979311972 0.14956778 -2.712071133441922 1
4644.013949453436 1398.7367049624472 0.03148156 -2.7119179303842875 1
4641.357099825212 1398.7489119936972 -0.07815101 -2.711764730000685 1
4638.700296569897 1398.7611190249472 -0.26835853 -2.711611532291056 1
4636.043539686094 1398.7733260561972 -0.51801 -2.711458337255322 1
4633.386829172805 1398.7855330874472 -0.7160078 -2.711305144893423 1
4630.730165028632 1398.7977401186972 -0.8385161 -2.7111519552052803 1
4628.073547252376 1398.8099471499472 -0.92774457 -2.7109987681908234 1
4625.416975842904 1398.8221541811972 -0.919637 -2.710845583849988 1
4622.760450798955 1398.8343612124472 -0.764101 -2.7106924021827004 1
4620.103972119328 1398.8465682436972 -0.54874897 -2.7105392231888925 1
4617.447539802759 1398.8587752749472 -0.32611272 -2.71038604686849 1
4614.791153848183 1398.8709823061972 -0.014311195 -2.7102328732214334 1
4612.134814254268 1398.8831893374472 0.44151133 -2.710079702247644 1
4609.47852101975 1398.8953963686972 0.9041386 -2.70992653394705 1
4606.8222741434965 1398.9076033999472 1.113342 -2.7097733683195857 1
4604.16607362431 1398.9198104311972 0.9598377 -2.709620205365182 1
4601.5099194609265 1398.9320174624472 0.5699758 -2.709467045083766 1
4598.853811652146 1398.9442244936972 0.09632726 -2.709313887475269 1
4596.197750196771 1398.9564315249472 -0.36194992 -2.7091607325396216 1
4593.541735093605 1398.9686385561972 -0.6540583 -2.709007580276755 1
4590.88576634138 1398.9808455874472 -0.64499485 -2.708854430686596 1
4588.229843938967 1398.9930526186972 -0.42774975 -2.708701283769079 1
4585.573967885033 1399.0052596499472 -0.18923302 -2.7085481395241273 1
4582.918138178447 1399.0174666811972 0.030664012 -2.708394997951676 1
4580.262354818011 1399.0296737124472 0.15379284 -2.7082418590516566 1
4577.606617802394 1399.0418807436972 -0.000104540224 -2.7080887228239914 1
4574.95092713053 1399.0540877749472 -0.41358784 -2.7079355892686188 1
4572.2952828010875 1399.0662948061972 -0.90083945 -2.707782458385463 1
4569.6396848130025 1399.0785018374472 -1.3377062 -2.707629330174462 1
4566.984133164876 1399.0907088686972 -1.571425 -2.707476204635535 1
4564.328627855644 1399.1029158999472 -1.4552191 -2.707323081768621 1
4561.673168884042 1399.1151229311972 -1.0639443 -2.707169961573647 1
4559.017756248803 1399.1273299624472 -0.5977316 -2.70701684405054 1
4556.362389948864 1399.1395369936972 -0.24732403 -2.706863729199238 1
4553.707069982826 1399.1517440249472 -0.13302116 -2.7067106170196618 1
4551.051796349559 1399.1639510561972 -0.15953408 -2.7065575075117447 1
4548.396569047929 1399.1761580874472 -0.16447559 -2.706404400675422 1
4545.741388076539 1399.1883651186972 -0.15986058 -2.706251296510614 1
4543.086253434391 1399.2005721499472 -0.15888913 -2.7060981950172613 1
4540.431165120088 1399.2127791811972 -0.11177695 -2.705945096195285 1
4537.776123132496 1399.2249862124472 -0.09146046 -2.7057920000446187 1
4535.121127470417 1399.2371932436972 -0.17382383 -2.7056389065651936 1
4532.466178132656 1399.2494002749472 -0.27065453 -2.705485815756941 1
4529.811275118011 1399.2616073061972 -0.23262058 -2.7053327276197914 1
4527.1564184250865 1399.2738143374472 -0.038609706 -2.7051796421536642 1
4524.5016080529485 1399.2860213686972 0.17329372 -2.7050265593585063 1
4521.846844000134 1399.2982283999472 0.31062478 -2.7048734792342324 1
4519.192126265645 1399.3104354311972 0.33974347 -2.704720401780785 1
4516.5374548481495 1399.3226424624472 0.13911755 -2.704567326998088 1
4513.8828297463815 1399.3348494936972 -0.2599028 -2.704414254886068 1
4511.228250959278 1399.3470565249472 -0.53714234 -2.704261185444664 1
4508.573718485506 1399.3592635561972 -0.5205206 -2.704108118673798 1
4505.919232323934 1399.3714705874472 -0.33802176 -2.7039550545734063 1
4503.264792473298 1399.3836776186972 -0.049646277 -2.703801993143415 1
4500.6103989324 1399.3958846499472 0.38854662 -2.7036489343837555 1
4497.956051700042 1399.4080916811972 0.79744256 -2.703495878294359 1
4495.301750775024 1399.4202987124472 0.9275958 -2.703342824875155 1
4492.6474961560825 1399.4325057436972 0.9135175 -2.7031897741260718 1
4489.993287842019 1399.4447127749472 0.9917467 -2.7030367260470403 1
4487.339125831635 1399.4569198061972 1.0514694 -2.702883680637991 1
4484.685010123733 1399.4691268374472 1.0092562 -2.7027306378988545 1
4482.030940717115 1399.4813338686972 1.0520235 -2.7025775978295625 1
4479.376917610515 1399.4935408999472 1.1957989 -2.7024245604300416 1
4476.722940802736 1399.5057479311972 1.2373693 -2.702271525700223 1
4474.0690102926455 1399.5179549624472 1.0994302 -2.7021184936400413 1
4471.415126078846 1399.5301619936972 0.8098261 -2.7019654642494157 1
4468.761288160339 1399.5423690249472 0.4453573 -2.7018124375282886 1
4466.107496535859 1399.5545760561972 0.20623142 -2.7016594134765874 1
4463.453751204076 1399.5667830874472 0.23576522 -2.7015063920942355 1
4460.800052163924 1399.5789901186972 0.47683698 -2.7013533733811705 1
4458.146399414071 1399.5911971499472 0.7992537 -2.7012003573373167 1
4455.492792953388 1399.6034041811972 1.0109906 -2.7010473439626086 1
4452.839232780607 1399.6156112124472 0.9578349 -2.7008943332569726 1
4450.185718894598 1399.6278182436972 0.78651917 -2.7007413252203443 1
4447.532251294097 1399.6400252749472 0.66129154 -2.7005883198526504 1
4444.878829977837 1399.6522323061972 0.46353975 -2.700435317153818 1
4442.225454944754 1399.6644393374472 0.19058868 -2.7002823171237855 1
4439.572126193451 1399.6766463686972 -0.052433055 -2.7001293197624725 1
4436.918843722862 1399.6888533999472 -0.40006486 -2.6999763250698177 1
4434.265607531789 1399.7010604311972 -0.80509835 -2.6998233330457517 1
4431.612417618834 1399.7132674624472 -0.88482124 -2.6996703436901943 1
4428.959273982999 1399.7254744936972 -0.5400153 -2.6995173570030877 1
4426.306176622951 1399.7376815249472 -0.011168235 -2.6993643729843546 1
4423.65312553756 1399.7498885561972 0.58123773 -2.6992113916339306 1
4421.000120725562 1399.7620955874472 1.2399458 -2.6990584129517425 1
4418.347162185756 1399.7743026186972 1.8190104 -2.6989054369377214 1
