test-A000879.ecsv
# %ECSV 1.0
# ---
# datatype:
# - {name: VHELIO, unit: km / s, datatype: float64}
# - {name: FREQUENCY, unit: MHz, datatype: float64}
# - {name: FLUX, unit: mJy, datatype: float32}
# - {name: BASELINE, unit: mJy, datatype: float64}
# - {name: WEIGHT, datatype: int16}
# meta: !!omap
# - {EXTNAME: Single Dish}
# - {OBSERVAT: Arecibo Observatory}
# - {TELESCOP: Arecibo Radio Telescope}
# - {INSTRUME: L-Band Wide}
# - {BACKEND: WAPPS}
# - {BEAM: '3.3'}
# - {NANVALUE: -999.0}
# - {OBJECT: AGC 879}
# - {NAME: ''}
# - {HISRC: S012059.8+341455}
# - {ORIGIN: Cornell University}
# - {RA: 20.249166}
# - {DEC: 34.248611}
# - {EQUINOX: 2000.0}
# - {RESTFRQ: 1404060000.0}
# - {BW: 24.987793}
# - {CHAN: 2048}
# - {V21SYS: 5122.24}
# - comments: ['', Arecibo Pisces-Perseus Supercluster Survey (APPSS), Undergraduate ALFALFA Team (UAT), 'Last updated: Mon Feb 28 11:32:36
#       2022 by GLH/MPH', This spectrum has been baselined.]
# schema: astropy-2.0
VHELIO FREQUENCY FLUX BASELINE WEIGHT
[from data line 1384]
4413.041383917866 1399.7987166811972 2.1268497 -2.6985994929138983 1
4410.388564187319 1399.8109237124472 1.8610116 -2.698446524903955 1
4407.735790724172 1399.8231307436972 1.1756011 -2.6982935595619018 1
4405.083063527161 1399.8353377749472 0.2021801 -2.6981405968876664 1
4402.430382595089 1399.8475448061972 -0.6945931 -2.697987636881179 1
4399.777747926689 1399.8597518374472 -1.3032848 -2.697834679542367 1
4397.125159520897 1399.8719588686972 -1.4716928 -2.697681724871169 1
4394.472617376315 1399.8841658999472 -1.1620982 -2.697528772867505 1
4391.820121491811 1399.8963729311972 -0.6083223 -2.6973758235313086 1
4389.1676718661865 1399.9085799624472 -0.06528338 -2.697222876862511 1
4386.515268498311 1399.9207869936972 0.28724825 -2.6970699328610475 1
4383.862911386853 1399.9329940249472 0.33333713 -2.696916991526841 1
4381.210600530614 1399.9452010561972 0.12977304 -2.6967640528598227 1
4378.558335928462 1399.9574080874472 -0.2546692 -2.696611116859927 1
4375.906117579066 1399.9696151186972 -0.8011921 -2.696458183527077 1
4373.2539454813605 1399.9818221499472 -1.2913834 -2.6963052528612117 1
4370.601819634014 1399.9940291811972 -1.457524 -2.6961523248622536 1
4367.949740035896 1400.0062362124472 -1.3763609 -2.6959993995301383 1
4365.297706685741 1400.0184432436972 -1.2572626 -2.695846476864793 1
4362.6457195823505 1400.0306502749472 -1.0433837 -2.6956935568661478 1
4359.9937787245935 1400.0428573061972 -0.6782603 -2.6955406395341375 1
4357.341884111139 1400.0550643374472 -0.36385173 -2.695387724868686 1
4354.690035740853 1400.0672713686972 -0.21598168 -2.6952348128697277 1
4352.03823361254 1400.0794783999472 -0.1187331 -2.6950819035371936 1
4349.386477724935 1400.0916854311972 0.0071708285 -2.69492899687101 1
4346.734768076838 1400.1038924624472 0.079226784 -2.694776092871109 1
4344.083104667052 1400.1160994936972 -0.020804698 -2.694623191537421 1
4341.431487494378 1400.1283065249472 -0.22282262 -2.6944702928698767 1
4338.779916557553 1400.1405135561972 -0.30361763 -2.6943173968684038 1
4336.12839185551 1400.1527205874472 -0.2089502 -2.6941645035329396 1
4333.476913386852 1400.1649276186972 -0.06690593 -2.694011612863405 1
4330.825481150514 1400.1771346499472 0.029957363 -2.6938587248597377 1
4328.17409514523 1400.1893416811972 0.041595124 -2.693705839521865 1
4325.522755369737 1400.2015487124472 -0.054750286 -2.693552956849714 1
4322.871461822902 1400.2137557436972 -0.23955657 -2.6934000768432194 1
4320.220214503528 1400.2259627749472 -0.38805565 -2.693247199502312 1
4317.56901341035 1400.2381698061972 -0.29596362 -2.693094324826919 1
4314.917858542234 1400.2503768374472 0.035087023 -2.6929414528169753 1
4312.266749897852 1400.2625838686972 0.2744482 -2.6927885834724035 1
4309.615687476071 1400.2747908999472 0.14719136 -2.692635716793139 1
4306.964671275692 1400.2869979311972 -0.29514274 -2.692482852779113 1
4304.313701295518 1400.2992049624472 -0.893737 -2.6923299914302556 1
4301.662777534283 1400.3114119936972 -1.510083 -2.6921771327464943 1
4299.01189999079 1400.3236190249472 -1.8757328 -2.6920242767277593 1
4296.361068663907 1400.3358260561972 -1.7866349 -2.6918714233739864 1
4293.710283552302 1400.3480330874472 -1.4547405 -2.6917185726850987 1
4291.059544654844 1400.3602401186972 -1.1671385 -2.69156572466103 1
4288.408851970268 1400.3724471499472 -0.8775988 -2.6914128793017085 1
4285.75820549751 1400.3846541811972 -0.62791073 -2.6912600366070722 1
4283.107605235236 1400.3968612124472 -0.72160363 -2.691107196577044 1
4280.457051182185 1400.4090682436972 -1.1331503 -2.6909543592115517 1
4277.8065433372885 1400.4212752749472 -1.4961404 -2.6908015245105337 1
4275.156081699216 1400.4334823061972 -1.5477101 -2.690648692473913 1
4272.505666266838 1400.4456893374472 -1.1580698 -2.6904958631016243 1
4269.855297038953 1400.4578963686972 -0.40574288 -2.6903430363935987 1
4267.204974014298 1400.4701033999472 0.37438443 -2.6901902123497634 1
4264.554697191741 1400.4823104311972 0.897999 -2.6900373909700526 1
4261.904466569952 1400.4945174624472 1.0453227 -2.6898845722543903 1
4259.254282147864 1400.5067244936972 0.81423354 -2.6897317562027143 1
4256.604143924146 1400.5189315249472 0.40946776 -2.6895789428149484 1
4253.954051897667 1400.5311385561972 0.07490628 -2.689426132091027 1
4251.304006067229 1400.5433455874472 -0.14392324 -2.6892733240308817 1
4248.6540064315 1400.5555526186972 -0.31117377 -2.689120518634435 1
4246.004052989482 1400.5677596499472 -0.47281343 -2.688967715901629 1
4243.3541457397105 1400.5799666811972 -0.60419357 -2.6888149158323804 1
4240.704284681253 1400.5921737124472 -0.62759805 -2.6886621184266346 1
4238.054469812645 1400.6043807436972 -0.5682941 -2.688509323684307 1
4235.404701132888 1400.6165877749472 -0.56457645 -2.688356531605341 1
4232.754978640718 1400.6287948061972 -0.63661313 -2.688203742189663 1
4230.105302334803 1400.6410018374472 -0.6636082 -2.688050955437196 1
4227.455672214078 1400.6532088686972 -0.6008097 -2.687898171347879 1
4224.8060882772115 1400.6654158999472 -0.46689698 -2.6877453899216355 1
4222.156550523139 1400.6776229311972 -0.21294232 -2.6875926111584034 1
4219.507058950596 1400.6898299624472 0.1279998 -2.6874398350581106 1
4216.857613558316 1400.7020369936972 0.37179998 -2.687287061620683 1
4214.208214345169 1400.7142440249472 0.48541912 -2.687134290846056 1
4211.55886130989 1400.7264510561972 0.59578353 -2.686981522734157 1
4208.90955445128 1400.7386580874472 0.6678563 -2.6868287572849168 1
4206.260293768141 1400.7508651186972 0.64629155 -2.6866759944982657 1
4203.611079259343 1400.7630721499472 0.636905 -2.686523234374139 1
4200.961910923618 1400.7752791811972 0.60385233 -2.6863704769124634 1
4198.312788759704 1400.7874862124472 0.3897931 -2.6862177221131667 1
4195.663712766468 1400.7996932436972 0.060703006 -2.6860649699761825 1
4193.014682942647 1400.8119002749472 -0.18369389 -2.685912220501439 1
4190.36569928704 1400.8241073061972 -0.24622074 -2.6857594736888664 1
4187.716761798517 1400.8363143374472 -0.18599087 -2.6856067295383994 1
4185.067870475813 1400.8485213686972 -0.16555202 -2.6854539880499657 1
4182.41902531773 1400.8607283999472 -0.29267308 -2.6853012492234956 1
4179.770226323003 1400.8729354311972 -0.5666079 -2.6851485130589166 1
4177.121473490501 1400.8851424624472 -0.8696036 -2.684995779556163 1
4174.4727668190235 1400.8973494936972 -1.0006447 -2.684843048715166 1
4171.824106307309 1400.9095565249472 -0.9276891 -2.6846903205358528 1
4169.175491954224 1400.9217635561972 -0.76994497 -2.684537595018158 1
4166.526923758436 1400.9339705874472 -0.541664 -2.6843848721620045 1
4163.878401718883 1400.9461776186972 -0.34583947 -2.6842321519673313 1
4161.229925834231 1400.9583846499472 -0.4145537 -2.6840794344340617 1
4158.581496103417 1400.9705916811972 -0.629229 -2.683926719562134 1
4155.93311252504 1400.9827987124472 -0.7017601 -2.6837740073514675 1
4153.2847750981055 1400.9950057436972 -0.7164609 -2.6836212978020053 1
4150.636483821346 1401.0072127749472 -0.7485487 -2.6834685909136735 1
4147.9882386934305 1401.0194198061972 -0.6139396 -2.683315886686396 1
4145.340039713227 1401.0316268374472 -0.37072432 -2.6831631851201077 1
4142.691886879606 1401.0438338686972 -0.16521563 -2.6830104862147426 1
4140.043780191234 1401.0560408999472 0.04115982 -2.6828577899702246 1
4137.3957196470465 1401.0682479311972 0.1290853 -2.682705096386492 1
4134.7477052457125 1401.0804549624472 0.062488817 -2.682552405463468 1
4132.099736986101 1401.0926619936972 0.08734866 -2.682399717201087 1
4129.4518148668785 1401.1048690249472 0.1429573 -2.6822470315992732 1
4126.803938887048 1401.1170760561972 0.09610195 -2.6820943486579685 1
4124.156109045211 1401.1292830874472 0.26558322 -2.6819416683770916 1
4121.5083253403045 1401.1414901186972 0.6863533 -2.6817889907565826 1
4118.860587771127 1401.1536971499472 0.92103904 -2.681636315796371 1
4116.212896336283 1401.1659041811972 0.9641107 -2.6814836434963767 1
4113.565251034773 1401.1781112124472 1.0553535 -2.6813309738565425 1
4110.917651865199 1401.1903182436972 1.0260693 -2.681178306876787 1
4108.270098826563 1401.2025252749472 0.75537926 -2.681025642557054 1
4105.6225919175995 1401.2147323061972 0.4846342 -2.6808729808972687 1
4102.975131136978 1401.2269393374472 0.33062863 -2.6807203218973554 1
4100.327716483633 1401.2391463686972 0.23570788 -2.680567665557253 1
4097.680347956233 1401.2513533999472 0.25727835 -2.680415011876884 1
4095.03302555378 1401.2635604311972 0.3987077 -2.6802623608561915 1
4092.3857492748093 1401.2757674624472 0.49261132 -2.6801097124950903 1
4089.738519118322 1401.2879744936972 0.48619816 -2.6799570667935235 1
4087.091335082987 1401.3001815249472 0.4493707 -2.679804423751414 1
4084.444197167606 1401.3123885561972 0.29511636 -2.6796517833686924 1
4081.7971053711144 1401.3245955874472 0.022393906 -2.6794991456452975 1
4079.150059692114 1401.3368026186972 0.0026377097 -2.679346510581149 1
4076.5030601295393 1401.3490096499472 0.45365924 -2.6791938781761857 1
4073.856106682126 1401.3612166811972 1.0574621 -2.679041248430334 1
4071.209199348676 1401.3734237124472 1.4482279 -2.6788886213435252 1
4068.5623381280575 1401.3856307436972 1.5673121 -2.6787359969156936 1
4065.915523018872 1401.3978377749472 1.4355873 -2.6785833751467596 1
4063.2687540201223 1401.4100448061972 1.0149522 -2.6784307560366645 1
4060.6220311304755 1401.4222518374472 0.41727412 -2.678278139585332 1
4057.975354348801 1401.4344588686972 -0.033824354 -2.6781255257926966 1
4055.328723673834 1401.4466658999472 -0.22557247 -2.6779729146586857 1
4052.682139104376 1401.4588729311972 -0.41126153 -2.6778203061832304 1
4050.035600639295 1401.4710799624472 -0.68188685 -2.677667700366265 1
4047.3891082773266 1401.4832869936972 -0.8628146 -2.6775150972077166 1
4044.742662017273 1401.4954940249472 -0.96325535 -2.6773624967075165 1
4042.096261857935 1401.5077010561972 -1.0703572 -2.677209898865595 1
4039.449907798116 1401.5199080874472 -1.0910677 -2.6770573036818837 1
4036.803599836616 1401.5321151186972 -0.99058896 -2.676904711156313 1
4034.1573379721044 1401.5443221499472 -0.8798349 -2.676752121288806 1
4031.5111222036494 1401.5565291811972 -0.8305643 -2.676599534079309 1
4028.8649525297196 1401.5687362124472 -0.80214965 -2.676446949527735 1
4026.218828949384 1401.5809432436972 -0.6979609 -2.6762943676340285 1
4023.5727514613764 1401.5931502749472 -0.5216973 -2.6761417883981173 1
4020.9267200643 1401.6053573061972 -0.3295414 -2.675989211819921 1
4018.280734757222 1401.6175643374472 -0.046171717 -2.6758366378993856 1
4015.6347955387455 1401.6297713686972 0.34592217 -2.6756840666364305 1
4012.988902407738 1401.6419783999472 0.7109483 -2.6755314980309906 1
4010.3430553630014 1401.6541854311972 1.0416355 -2.675378932082997 1
4007.697254403338 1401.6663924624472 1.3728482 -2.6752263687923796 1
4005.051499527549 1401.6785994936972 1.5918152 -2.67507380815907 1
4002.40579073437 1401.6908065249472 1.6743276 -2.674921250182996 1
3999.7601280226695 1401.7030135561972 1.6780633 -2.6747686948640914 1
3997.1145113911157 1401.7152205874472 1.5259004 -2.674616142202279 1
3994.46894083871 1401.7274276186972 1.1679506 -2.674463592197503 1
3991.823416364055 1401.7396346499472 0.68189675 -2.6743110448496807 1
3989.177937966085 1401.7518416811972 0.16187418 -2.674158500158752 1
3986.5325056435363 1401.7640487124472 -0.301038 -2.674005958124644 1
3983.887119395143 1401.7762557436972 -0.7244777 -2.673853418747283 1
3981.2417792198407 1401.7884627749472 -1.196678 -2.673700882026608 1
3978.596485116298 1401.8006698061972 -1.6034333 -2.673548347962542 1
3975.951237083449 1401.8128768374472 -1.7440877 -2.6733958165550242 1
3973.306035119964 1401.8250838686972 -1.6098946 -2.6732432878039774 1
3970.6608792246425 1401.8372908999472 -1.267865 -2.6730907617093327 1
3968.0157693964215 1401.8494979311972 -0.75821024 -2.672938238271028 1
3965.370705633902 1401.8617049624472 -0.18887226 -2.6727857174889835 1
3962.7256879360193 1401.8739119936972 0.26288837 -2.672633199363138 1
3960.080716301442 1401.8861190249472 0.4497273 -2.672480683893413 1
3957.4357907291715 1401.8983260561972 0.42694762 -2.6723281710797533 1
3954.790911217877 1401.9105330874472 0.39780557 -2.672175660922081 1
3952.1460777662924 1401.9227401186972 0.39525634 -2.6720231534203225 1
3949.501290373354 1401.9349471499472 0.3483792 -2.6718706485744175 1
3946.856549037663 1401.9471541811972 0.3258611 -2.6717181463842845 1
3944.2118537582883 1401.9593612124472 0.40120584 -2.6715656468498703 1
3941.567204533831 1401.9715682436972 0.4985706 -2.6714131499710945 1
3938.9226013630932 1401.9837752749472 0.4804912 -2.6712606557478877 1
3936.2780442450107 1401.9959823061972 0.35399202 -2.6711081641801884 1
3933.6335331781843 1402.0081893374472 0.24872267 -2.670955675267916 1
3930.9890681616166 1402.0203963686972 0.12272487 -2.670803189011013 1
3928.3446491939085 1402.0326033999472 -0.10307983 -2.6706507054093986 1
3925.700276273996 1402.0448104311972 -0.28253338 -2.670498224463012 1
3923.0559494006807 1402.0570174624472 -0.34422427 -2.6703457461717837 1
3920.411668572564 1402.0692244936972 -0.37543163 -2.670193270535633 1
3917.7674337887147 1402.0814315249472 -0.3529142 -2.6700407975545057 1
3915.123245047734 1402.0936385561972 -0.22722565 -2.6698883272283225 1
3912.479102348558 1402.1058455874472 0.051956475 -2.669735859557021 1
3909.835005689855 1402.1180526186972 0.54763156 -2.6695833945405245 1
3907.1909550705595 1402.1302596499472 1.0541618 -2.6694309321787717 1
3904.5469504894068 1402.1424666811972 1.2440606 -2.6692784724716896 1
3901.902991945066 1402.1546737124472 1.1021731 -2.669126015419202 1
3899.259079436538 1402.1668807436972 0.81180507 -2.6689735610212506 1
3896.6152129624916 1402.1790877749472 0.45605683 -2.6688211092777587 1
3893.971392521795 1402.1912948061972 0.10049213 -2.668668660188662 1
3891.327618113251 1402.2035018374472 -0.055642273 -2.6685162137538896 1
3888.683889735527 1402.2157088686972 0.14849092 -2.668363769973366 1
3886.040207387559 1402.2279158999472 0.51890886 -2.6682113288470304 1
3883.396571068081 1402.2401229311972 0.7323468 -2.6680588903748084 1
3880.7529807759624 1402.2523299624472 0.8601433 -2.6679064545566353 1
3878.109436509938 1402.2645369936972 1.027004 -2.6677540213924384 1
3875.4659382688096 1402.2767440249472 0.9781054 -2.667601590882149 1
3872.8224860514456 1402.2889510561972 0.6350143 -2.6674491630257005 1
3870.179079856448 1402.3011580874472 0.27924067 -2.6672967378230137 1
3867.535719682885 1402.3133651186972 0.008856677 -2.667144315274034 1
3864.892405529292 1402.3255721499472 -0.1940828 -2.666991895378677 1
3862.2491373947373 1402.3377791811972 -0.21894976 -2.6668394781368896 1
3859.6059152778225 1402.3499862124472 -0.07917427 -2.6666870635485904 1
3856.96273917735 1402.3621932436972 0.06869385 -2.666534651613711 1
3854.319609092188 1402.3744002749472 0.12369596 -2.6663822423321855 1
3851.6765250211374 1402.3866073061972 0.021396179 -2.666229835703945 1
3849.0334869629346 1402.3988143374472 -0.26624367 -2.666077431728917 1
3846.3904949164476 1402.4110213686972 -0.61702794 -2.665925030407036 1
3843.747548880478 1402.4232283999472 -0.7698903 -2.6657726317382333 1
3841.1046488537613 1402.4354354311972 -0.61804587 -2.665620235722435 1
3838.4617948350988 1402.4476424624472 -0.33186448 -2.6654678423595723 1
3835.8189868233594 1402.4598494936972 -0.0745298 -2.6653154516495805 1
3833.176224817278 1402.4720565249472 0.06476414 -2.6651630635923866 1
3830.533508815723 1402.4842635561972 -0.054810487 -2.6650106781879246 1
3827.8908388174295 1402.4964705874472 -0.4405218 -2.6648582954361224 1
3825.2482148211334 1402.5086776186972 -0.8189755 -2.664705915336907 1
3822.605636825835 1402.5208846499472 -0.8597851 -2.66455353789022 1
3819.963104830071 1402.5330916811972 -0.48360756 -2.664401163095978 1
3817.3206188329086 1402.5452987124472 0.04813092 -2.6642487909541264 1
3814.678178832884 1402.5575057436972 0.4082511 -2.6640964214645813 1
3812.035784829065 1402.5697127749472 0.52159345 -2.663944054627289 1
