test-A000879.ecsv
# %ECSV 1.0
# ---
# datatype:
# - {name: VHELIO, unit: km / s, datatype: float64}
# - {name: FREQUENCY, unit: MHz, datatype: float64}
# - {name: FLUX, unit: mJy, datatype: float32}
# - {name: BASELINE, unit: mJy, datatype: float64}
# - {name: WEIGHT, datatype: int16}
# meta: !!omap
# - {EXTNAME: Single Dish}
# - {OBSERVAT: Arecibo Observatory}
# - {TELESCOP: Arecibo Radio Telescope}
# - {INSTRUME: L-Band Wide}
# - {BACKEND: WAPPS}
# - {BEAM: '3.3'}
# - {NANVALUE: -999.0}
# - {OBJECT: AGC 879}
# - {NAME: ''}
# - {HISRC: S012059.8+341455}
# - {ORIGIN: Cornell University}
# - {RA: 20.249166}
# - {DEC: 34.248611}
# - {EQUINOX: 2000.0}
# - {RESTFRQ: 1404060000.0}
# - {BW: 24.987793}
# - {CHAN: 2048}
# - {V21SYS: 5122.24}
# - comments: ['', Arecibo Pisces-Perseus Supercluster Survey (APPSS), Undergraduate ALFALFA Team (UAT), 'Last updated: Mon Feb 28 11:32:36
#       2022 by GLH/MPH', This spectrum has been baselined.]
# schema: astropy-2.0
VHELIO FREQUENCY FLUX BASELINE WEIGHT
[from data line 231]
7502.836502792447 1385.7240096499472 -0.96605647 -2.876764561962789 1
7500.129520599271 1385.7362166811972 -0.681756 -2.8766084708140864 1
7497.422586097637 1385.7484237124472 -0.32613558 -2.876452382415393 1
7494.715699286212 1385.7606307436972 -0.104415305 -2.8762962967666335 1
7492.0088601638 1385.7728377749472 -0.08007663 -2.876140213867737 1
7489.302068729068 1385.7850448061972 -0.17186086 -2.8759841337186285 1
7486.595324980885 1385.7972518374472 -0.31357902 -2.875828056319241 1
7483.88862891792 1385.8094588686972 -0.41421646 -2.8756719816694996 1
7481.18198053884 1385.8216658999472 -0.3906046 -2.8755159097693257 1
7478.47537984245 1385.8338729311972 -0.2962746 -2.8753598406186516 1
7475.7688268274815 1385.8460799624472 -0.1682196 -2.8752037742174035 1
7473.062321492673 1385.8582869936972 0.046565074 -2.875047710565509 1
7470.355863836757 1385.8704940249472 0.16032754 -2.874891649662895 1
7467.649453858603 1385.8827010561972 -0.023671221 -2.8747355915094963 1
7464.943091556747 1385.8949080874472 -0.21777873 -2.874579536105228 1
7462.236776929991 1385.9071151186972 -0.18040462 -2.8744234834500215 1
7459.530509977201 1385.9193221499472 -0.078602396 -2.8742674335438116 1
7456.824290696915 1385.9315291811972 0.08333269 -2.874111386386514 1
7454.118119088002 1385.9437362124472 0.39987165 -2.8739553419780623 1
7451.41199514926 1385.9559432436972 0.621227 -2.873799300318389 1
7448.705918879228 1385.9681502749472 0.60433716 -2.8736432614074086 1
7445.99989027684 1385.9803573061972 0.5960675 -2.87348722524506 1
7443.293909340765 1385.9925643374472 0.7091708 -2.8733311918312663 1
7440.587976069737 1386.0047713686972 0.79851514 -2.8731751611659546 1
7437.882090462425 1386.0169783999472 0.8432827 -2.8730191332490485 1
7435.176252517698 1386.0291854311972 0.93852943 -2.872863108080482 1
7432.4704622342915 1386.0413924624472 0.99602705 -2.872707085660183 1
7429.764719610806 1386.0535994936972 0.85035324 -2.8725510659880706 1
7427.059024646178 1386.0658065249472 0.5191631 -2.872395049064083 1
7424.353377338943 1386.0780135561972 0.11277046 -2.8722390348881364 1
7421.647777688034 1386.0902205874472 -0.2600324 -2.872083023460169 1
7418.942225692055 1386.1024276186972 -0.5210631 -2.8719270147801 1
7416.236721349807 1386.1146346499472 -0.7149133 -2.8717710088478605 1
7413.531264660027 1386.1268416811972 -0.841085 -2.871615005663378 1
7410.8258556213805 1386.1390487124472 -0.74369574 -2.871459005226575 1
7408.120494232739 1386.1512557436972 -0.44204697 -2.871303007537387 1
7405.415180492768 1386.1634627749472 -0.17444862 -2.871147012595736 1
7402.709914400205 1386.1756698061972 0.0035356008 -2.8709910204015507 1
7400.004695953851 1386.1878768374472 0.21274494 -2.870835030954761 1
7397.299525152308 1386.2000838686972 0.3963564 -2.8706790442552865 1
7394.594401994512 1386.2122908999472 0.37823403 -2.8705230603030656 1
7391.889326479063 1386.2244979311972 0.24346034 -2.870367079098018 1
7389.184298604765 1386.2367049624472 0.2361915 -2.8702111006400743 1
7386.479318370286 1386.2489119936972 0.2855047 -2.8700551249291584 1
7383.774385774426 1386.2611190249472 0.15875074 -2.8698991519652 1
7381.06950081599 1386.2733260561972 -0.12890393 -2.8697431817481314 1
7378.364663493578 1386.2855330874472 -0.5334258 -2.869587214277871 1
7375.6598738060575 1386.2977401186972 -1.0944666 -2.8694312495543537 1
7372.955131752033 1386.3099471499472 -1.6116524 -2.8692752875774996 1
7370.250437330437 1386.3221541811972 -1.7908452 -2.8691193283472463 1
7367.545790539873 1386.3343612124472 -1.6312076 -2.8689633718635137 1
7364.841191379077 1386.3465682436972 -1.3038174 -2.868807418126229 1
7362.13663984685 1386.3587752749472 -0.92373466 -2.8686514671353227 1
7359.432135941859 1386.3709823061972 -0.59903467 -2.868495518890718 1
7356.727679662975 1386.3831893374472 -0.45364872 -2.8683395733923507 1
7354.0232710087985 1386.3953963686972 -0.44394326 -2.868183630640139 1
7351.3189099781985 1386.4076033999472 -0.34770536 -2.868027690634018 1
7348.614596569843 1386.4198104311972 -0.06014674 -2.867871753373911 1
7345.910330782468 1386.4320174624472 0.33638322 -2.867715818859745 1
7343.206112614808 1386.4442244936972 0.68216956 -2.867559887091447 1
7340.501942065665 1386.4564315249472 0.8062196 -2.867403958068948 1
7337.797819133775 1386.4686385561972 0.7122657 -2.867248031792175 1
7335.093743817806 1386.4808455874472 0.5621401 -2.8670921082610517 1
7332.389716116493 1386.4930526186972 0.49209526 -2.8669361874755044 1
7329.685736028771 1386.5052596499472 0.5685434 -2.8667802694354725 1
7326.98180355311 1386.5174666811972 0.7102281 -2.866624354140867 1
7324.277918688443 1386.5296737124472 0.77862924 -2.8664684415916266 1
7321.5740814334395 1386.5418807436972 0.769338 -2.866312531787675 1
7318.870291786902 1386.5540877749472 0.72540814 -2.866156624728943 1
7316.166549747499 1386.5662948061972 0.6958747 -2.8660007204153533 1
7313.462855313965 1386.5785018374472 0.73374826 -2.8658448188468335 1
7310.7592084851685 1386.5907088686972 0.7234624 -2.865688920023318 1
7308.055609259713 1386.6029158999472 0.4913982 -2.8655330239447263 1
7305.352057636397 1386.6151229311972 0.097448096 -2.8653771306109896 1
7302.648553613959 1386.6273299624472 -0.2937703 -2.8652212400220347 1
7299.945097191133 1386.6395369936972 -0.6439372 -2.8650653521777882 1
7297.241688366655 1386.6517440249472 -0.8507609 -2.8649094670781783 1
7294.538327139325 1386.6639510561972 -0.72802913 -2.864753584723135 1
7291.835013507813 1386.6761580874472 -0.42220917 -2.864597705112582 1
7289.13174747092 1386.6883651186972 -0.21231449 -2.86444182824645 1
7286.428529027316 1386.7005721499472 -0.01657473 -2.864285954124662 1
7283.725358175868 1386.7127791811972 0.21993943 -2.864130082747153 1
7281.022234915178 1386.7249862124472 0.32385433 -2.8639742141138425 1
7278.319159244049 1386.7371932436972 0.34255794 -2.8638183482246613 1
7275.616131161282 1386.7494002749472 0.39912924 -2.8636624850795402 1
7272.913150665547 1386.7616073061972 0.44136822 -2.863506624678403 1
7270.210217755576 1386.7738143374472 0.4531365 -2.863350767021176 1
7267.507332430174 1386.7860213686972 0.44262964 -2.86319491210779 1
7264.8044946880755 1386.7982283999472 0.40403208 -2.863039059938173 1
7262.101704527948 1386.8104354311972 0.4203822 -2.8628832105122477 1
7259.398961948594 1386.8226424624472 0.5093524 -2.862727363829945 1
7256.696266948748 1386.8348494936972 0.58094907 -2.862571519891192 1
7253.993619527214 1386.8470565249472 0.59132856 -2.8624156786959194 1
7251.291019682659 1386.8592635561972 0.48994535 -2.8622598402440507 1
7248.588467413817 1386.8714705874472 0.27977586 -2.862104004535513 1
7245.885962719492 1386.8836776186972 0.06176823 -2.861948171570237 1
7243.183505598352 1386.8958846499472 -0.16913894 -2.861792341348146 1
7240.481096049265 1386.9080916811972 -0.35377502 -2.861636513869175 1
7237.778734070833 1386.9202987124472 -0.21388356 -2.861480689133243 1
7235.076419661925 1386.9325057436972 0.24610782 -2.861324867140285 1
7232.3741528212095 1386.9447127749472 0.67411953 -2.861169047890224 1
7229.6719335473545 1386.9569198061972 1.0016513 -2.8610132313829837 1
7226.969761839295 1386.9691268374472 1.3382885 -2.860857417618502 1
7224.267637695634 1386.9813338686972 1.4954802 -2.8607016065966993 1
7221.565561115172 1386.9935408999472 1.3395603 -2.8605457983175056 1
7218.863532096646 1387.0057479311972 1.0881745 -2.860389992780848 1
7216.161550638723 1387.0179549624472 0.8634063 -2.86023418998665 1
7213.459616740272 1387.0301619936972 0.5205087 -2.8600783899348463 1
7210.7577303999615 1387.0423690249472 0.0031728349 -2.8599225926253604 1
7208.055891616594 1387.0545760561972 -0.526974 -2.8597667980581227 1
7205.354100388837 1387.0667830874472 -0.8571786 -2.859611006233057 1
7202.652356715493 1387.0789901186972 -0.96797264 -2.859455217150094 1
7199.9506605952965 1387.0911971499472 -1.0397235 -2.8592994308091604 1
7197.249012026918 1387.1034041811972 -1.1767685 -2.8591436472101797 1
7194.54741100929 1387.1156112124472 -1.3961025 -2.8589878663530905 1
7191.845857540882 1387.1278182436972 -1.7239326 -2.858832088237804 1
7189.144351620697 1387.1400252749472 -2.0794423 -2.8586763128642643 1
7186.4428932473365 1387.1522323061972 -2.2837076 -2.858520540232389 1
7183.741482419602 1387.1644393374472 -2.2026162 -2.8583647703421096 1
7181.040119136228 1387.1766463686972 -1.8650084 -2.858209003193353 1
7178.3388033958845 1387.1888533999472 -1.4788681 -2.858053238786043 1
7175.637535197438 1387.2010604311972 -1.1049863 -2.857897477120114 1
7172.93631453956 1387.2132674624472 -0.6224338 -2.8577417181954887 1
7170.235141420983 1387.2254744936972 -0.12835142 -2.857585962012095 1
7167.534015840577 1387.2376815249472 0.24189152 -2.8574302085698675 1
7164.832937796877 1387.2498885561972 0.55038714 -2.8572744578687215 1
7162.131907288816 1387.2620955874472 0.7375744 -2.8571187099085957 1
7159.430924315 1387.2743026186972 0.59503126 -2.8569629646894095 1
7156.729988874295 1387.2865096499472 0.13839611 -2.8568072222110974 1
7154.029100965369 1387.2987166811972 -0.32649967 -2.856651482473583 1
7151.328260587025 1387.3109237124472 -0.59511805 -2.856495745476797 1
7148.627467737932 1387.3231307436972 -0.747573 -2.8563400112206625 1
7145.926722416892 1387.3353377749472 -0.8181242 -2.856184279705111 1
7143.226024622638 1387.3475448061972 -0.7809859 -2.856028550930069 1
7140.525374353907 1387.3597518374472 -0.8144905 -2.8558728248954632 1
7137.824771609434 1387.3719588686972 -0.94859 -2.855717101601222 1
7135.124216388021 1387.3841658999472 -0.9367508 -2.855561381047275 1
7132.423708688335 1387.3963729311972 -0.8094009 -2.855405663233546 1
7129.72324850918 1387.4085799624472 -0.7521911 -2.855249948159966 1
7127.022835849223 1387.4207869936972 -0.6797259 -2.8550942358264577 1
7124.322470707334 1387.4329940249472 -0.5866393 -2.8549385262329565 1
7121.62215308218 1387.4452010561972 -0.6661307 -2.8547828193793854 1
7118.921882972498 1387.4574080874472 -0.8314988 -2.8546271152656715 1
7116.2216603770885 1387.4696151186972 -0.8176475 -2.8544714138917455 1
7113.52148529462 1387.4818221499472 -0.62142366 -2.8543157152575307 1
7110.821357723961 1387.4940291811972 -0.3788612 -2.854160019362962 1
7108.1212776636485 1387.5062362124472 -0.097375266 -2.854004326207955 1
7105.421245112681 1387.5184432436972 0.25449514 -2.8538486357924517 1
7102.7212600695975 1387.5306502749472 0.59857327 -2.853692948116368 1
7100.02132253333 1387.5428573061972 0.8503263 -2.8535372631796427 1
7097.321432502483 1387.5550643374472 1.0000625 -2.853381580982195 1
7094.621589975789 1387.5672713686972 1.0275372 -2.8532259015239516 1
7091.921794952119 1387.5794783999472 1.0157996 -2.8530702248048474 1
7089.222047430074 1387.5916854311972 1.127488 -2.852914550824802 1
7086.5223474085215 1387.6038924624472 1.26357 -2.8527588795837504 1
7083.822694886198 1387.6160994936972 1.2752767 -2.852603211081619 1
7081.123089861771 1387.6283065249472 1.2552046 -2.8524475453183316 1
7078.4235323340445 1387.6405135561972 1.1607753 -2.8522918822938186 1
7075.724022301685 1387.6527205874472 0.8575931 -2.8521362220080038 1
7073.024559763561 1387.6649276186972 0.4895878 -2.8519805644608214 1
7070.325144718342 1387.6771346499472 0.19703956 -2.851824909652195 1
7067.62577716483 1387.6893416811972 0.03123118 -2.8516692575820555 1
7064.926457101758 1387.7015487124472 0.14578529 -2.85151360825033 1
7062.227184527798 1387.7137557436972 0.45619193 -2.8513579616569413 1
7059.527959441816 1387.7259627749472 0.6798363 -2.8512023178018246 1
7056.828781842415 1387.7381698061972 0.81877637 -2.851046676684899 1
7054.129651728464 1387.7503768374472 0.9095592 -2.8508910383060995 1
7051.430569098629 1387.7625838686972 0.7246971 -2.8507354026653493 1
7048.7315339517145 1387.7747908999472 0.18213308 -2.850579769762579 1
7046.032546286455 1387.7869979311972 -0.4699367 -2.8504241395977163 1
7043.333606101584 1387.7992049624472 -1.0090193 -2.8502685121706874 1
7040.634713395906 1387.8114119936972 -1.3410655 -2.850112887481424 1
7037.935868168022 1387.8236190249472 -1.3099067 -2.849957265529845 1
7035.237070416801 1387.8358260561972 -0.8242993 -2.8498016463158855 1
7032.538320141042 1387.8480330874472 -0.07078243 -2.849646029839476 1
7029.839617339284 1387.8602401186972 0.5844365 -2.8494904161005326 1
7027.140962010527 1387.8724471499472 0.7451714 -2.8493348050989975 1
7024.442354153306 1387.8846541811972 0.29487833 -2.8491791968347857 1
7021.74379376649 1387.8968612124472 -0.41679856 -2.849023591307833 1
7019.0452808488135 1387.9090682436972 -1.1020696 -2.848867988518065 1
7016.346815399013 1387.9212752749472 -1.6841542 -2.84871238846541 1
7013.648397415824 1387.9334823061972 -1.8994268 -2.848556791149795 1
7010.950026897913 1387.9456893374472 -1.7046554 -2.8484011965711424 1
7008.2517038442165 1387.9578963686972 -1.44529 -2.848245604729392 1
7005.55342825327 1387.9701033999472 -1.1882938 -2.848090015624458 1
7002.855200124008 1387.9823104311972 -0.8955058 -2.8479344292562803 1
7000.157019455099 1387.9945174624472 -0.7592943 -2.8477788456247812 1
6997.458886245278 1388.0067244936972 -0.7010623 -2.8476232647298882 1
6994.760800493347 1388.0189315249472 -0.55488694 -2.847467686571532 1
6992.06276219791 1388.0311385561972 -0.5265314 -2.8473121111496322 1
6989.364771357899 1388.0433455874472 -0.62382257 -2.847156538464127 1
6986.666827971918 1388.0555526186972 -0.5907293 -2.8470009685149362 1
6983.968932038901 1388.0677596499472 -0.5164134 -2.8468454013019984 1
6981.2710835573835 1388.0799666811972 -0.48405725 -2.8466898368252287 1
6978.5732825261675 1388.0921737124472 -0.24637526 -2.8465342750845584 1
6975.875528944122 1388.1043807436972 0.20366088 -2.846378716079922 1
6973.177822809848 1388.1165877749472 0.58627605 -2.846223159811239 1
6970.480164122215 1388.1287948061972 0.79447 -2.846067606278445 1
6967.782552879891 1388.1410018374472 0.81845695 -2.8459120554814614 1
6965.084989081544 1388.1532088686972 0.61387634 -2.845756507420213 1
6962.387472726177 1388.1654158999472 0.30087718 -2.8456009620946414 1
6959.690003812258 1388.1776229311972 0.16050547 -2.845445419504659 1
6956.992582338721 1388.1898299624472 0.254153 -2.8452898796502035 1
6954.295208304237 1388.2020369936972 0.32615972 -2.845134342531199 1
6951.597881707606 1388.2142440249472 0.26104948 -2.8449788081475753 1
6948.900602547564 1388.2264510561972 0.16409919 -2.8448232764992607 1
6946.203370822779 1388.2386580874472 0.056895684 -2.844667747586178 1
6943.5061865321195 1388.2508651186972 -0.005729305 -2.844512221408262 1
6940.809049674189 1388.2630721499472 0.09493261 -2.8443566979654316 1
6938.11196024792 1388.2752791811972 0.27594995 -2.844201177257626 1
6935.414918251916 1388.2874862124472 0.37118152 -2.844045659284764 1
6932.717923684979 1388.2996932436972 0.34222952 -2.8438901440467768 1
6930.020976545844 1388.3119002749472 0.19905338 -2.8437346315435916 1
6927.324076833312 1388.3241073061972 0.0070954976 -2.8435791217751394 1
6924.627224546052 1388.3363143374472 -0.07870106 -2.843423614741343 1
6921.930419682801 1388.3485213686972 0.022724831 -2.8432681104421302 1
6919.2336622424245 1388.3607283999472 0.26424357 -2.8431126088774348 1
6916.536952223593 1388.3729354311972 0.5861055 -2.842957110047181 1
6913.840289625041 1388.3851424624472 0.9155804 -2.842801613951295 1
6911.143674445571 1388.3973494936972 1.1275308 -2.842646120589708 1
6908.447106683918 1388.4095565249472 1.1790228 -2.8424906299623474 1
6905.750586338816 1388.4217635561972 1.1617811 -2.84233514206914 1
6903.054113408935 1388.4339705874472 1.1178528 -2.8421796569100084 1
6900.35768789321 1388.4461776186972 0.98603845 -2.8420241744848926 1
6897.661309790242 1388.4583846499472 0.72793955 -2.841868694793711 1
6894.964979098833 1388.4705916811972 0.40038255 -2.8417132178363946 1
6892.26869581772 1388.4827987124472 0.14829405 -2.8415577436128707 1
6889.572459945636 1388.4950057436972 0.13828841 -2.8414022721230663 1
6886.876271481384 1388.5072127749472 0.40852386 -2.841246803366912 1
