test-A000879.ecsv
# %ECSV 1.0
# ---
# datatype:
# - {name: VHELIO, unit: km / s, datatype: float64}
# - {name: FREQUENCY, unit: MHz, datatype: float64}
# - {name: FLUX, unit: mJy, datatype: float32}
# - {name: BASELINE, unit: mJy, datatype: float64}
# - {name: WEIGHT, datatype: int16}
# meta: !!omap
# - {EXTNAME: Single Dish}
# - {OBSERVAT: Arecibo Observatory}
# - {TELESCOP: Arecibo Radio Telescope}
# - {INSTRUME: L-Band Wide}
# - {BACKEND: WAPPS}
# - {BEAM: '3.3'}
# - {NANVALUE: -999.0}
# - {OBJECT: AGC 879}
# - {NAME: ''}
# - {HISRC: S012059.8+341455}
# - {ORIGIN: Cornell University}
# - {RA: 20.249166}
# - {DEC: 34.248611}
# - {EQUINOX: 2000.0}
# - {RESTFRQ: 1404060000.0}
# - {BW: 24.987793}
# - {CHAN: 2048}
# - {V21SYS: 5122.24}
# - comments: ['', Arecibo Pisces-Perseus Supercluster Survey (APPSS), Undergraduate ALFALFA Team (UAT), 'Last updated: Mon Feb 28 11:32:36
#       2022 by GLH/MPH', This spectrum has been baselined.]
# schema: astropy-2.0
VHELIO FREQUENCY FLUX BASELINE WEIGHT
[from data line 1613]
3806.751134804718 1402.5941268374472 0.3105861 -2.6636393289091544 1
3804.10887878186 1402.6063338686972 0.044369612 -2.663486970028178 1
3801.466668750215 1402.6185408999472 -0.20712127 -2.6633346137991665 1
3798.824504708718 1402.6307479311972 -0.3675053 -2.6631822602220585 1
3796.182386655971 1402.6429549624472 -0.5393601 -2.663029909296773 1
3793.5403145909754 1402.6551619936972 -0.8262205 -2.6628775610232527 1
3790.8982885124665 1402.6673690249472 -1.1502578 -2.6627252154014247 1
3788.2563084191797 1402.6795760561972 -1.3823504 -2.6625728724312157 1
3785.6143743099833 1402.6917830874472 -1.4312783 -2.6624205321125607 1
3782.9724861835457 1402.7039901186972 -1.2405245 -2.6622681944453834 1
3780.330644038935 1402.7161971499472 -0.9213198 -2.6621158594296292 1
3777.688847874687 1402.7284041811972 -0.64132077 -2.6619635270652138 1
3775.0470976896695 1402.7406112124472 -0.41079885 -2.6618111973520726 1
3772.405393482818 1402.7528182436972 -0.29454872 -2.661658870290144 1
3769.7637352527345 1402.7650252749472 -0.37906462 -2.6615065458793468 1
3767.1221229983535 1402.7772323061972 -0.51105756 -2.66135422411962 1
3764.4805567184108 1402.7894393374472 -0.59918576 -2.6612019050108904 1
3761.8390364117076 1402.8016463686972 -0.69839245 -2.6610495885530896 1
3759.197562077113 1402.8138533999472 -0.6428018 -2.6608972747461515 1
3756.5561337133618 1402.8260604311972 -0.34098163 -2.660744963590004 1
3753.914751319255 1402.8382674624472 -0.02040444 -2.660592655084577 1
3751.273414893596 1402.8504744936972 0.2950588 -2.6604403492298023 1
3748.632124435252 1402.8626815249472 0.68481344 -2.6602880460256144 1
3745.9908799429586 1402.8748885561972 0.9052628 -2.66013574547194 1
3743.349681415518 1402.8870955874472 0.83197325 -2.659983447568711 1
3740.7085288517305 1402.8993026186972 0.6914622 -2.659831152315857 1
3738.067422250333 1402.9115096499472 0.59559166 -2.659678859713306 1
3735.42636161026 1402.9237166811972 0.4840042 -2.6595265697609958 1
3732.785346930246 1402.9359237124472 0.3529106 -2.659374282458854 1
3730.1443782090932 1402.9481307436972 0.19371547 -2.659221997806812 1
3727.503455445604 1402.9603377749472 0.0010213397 -2.6590697158047996 1
3724.862578638579 1402.9725448061972 -0.18813291 -2.6589174364527484 1
3722.221747786821 1402.9847518374472 -0.327733 -2.658765159750589 1
3719.5809628890647 1402.9969588686972 -0.3398785 -2.6586128856982487 1
3716.9402239442456 1403.0091658999472 -0.21106566 -2.658460614295666 1
3714.2995309510316 1403.0213729311972 -0.00421498 -2.6583083455427645 1
3711.658883908358 1403.0335799624472 0.28719786 -2.658156079439482 1
3709.0182828148936 1403.0457869936972 0.6535911 -2.6580038159857424 1
3706.3777276695064 1403.0579940249472 0.96125793 -2.6578515551814803 1
3703.7372184709984 1403.0702010561972 1.126892 -2.6576992970266264 1
3701.0967552181046 1403.0824080874472 1.201072 -2.657547041521108 1
3698.4563379096935 1403.0946151186972 1.2697078 -2.6573947886648597 1
3695.8159665446337 1403.1068221499472 1.3627738 -2.657242538457816 1
3693.1756411215274 1403.1190291811972 1.4264499 -2.657090290899897 1
3690.5353616393754 1403.1312362124472 1.4334742 -2.6569380459910446 1
3687.8951280968467 1403.1434432436972 1.353348 -2.656785803731182 1
3685.2549404928095 1403.1556502749472 1.0578824 -2.656633564120244 1
3682.6147988259995 1403.1678573061972 0.5577955 -2.6564813271581578 1
3679.9747030953513 1403.1800643374472 0.079331614 -2.656329092844862 1
3677.334653299534 1403.1922713686972 -0.25855488 -2.65617686118028 1
3674.6946494373483 1403.2044783999472 -0.4772955 -2.656024632164342 1
3672.05469150773 1403.2166854311972 -0.5733466 -2.655872405796987 1
3669.414779509281 1403.2288924624472 -0.58700913 -2.655720182078135 1
3666.774913441003 1403.2410994936972 -0.5810458 -2.6555679610077276 1
3664.1350933016306 1403.2533065249472 -0.528819 -2.655415742585692 1
3661.4953190898327 1403.2655135561972 -0.411874 -2.655263526811952 1
3658.8555908046114 1403.2777205874472 -0.30036807 -2.655111313686449 1
3656.215908444635 1403.2899276186972 -0.20546989 -2.6549591032091073 1
3653.576272008771 1403.3021346499472 -0.06832444 -2.654806895379861 1
3650.936681495756 1403.3143416811972 0.03092519 -2.6546546901986376 1
3648.2971369044576 1403.3265487124472 0.017004231 -2.654502487665371 1
3645.6576382336775 1403.3387557436972 0.05587024 -2.654350287779993 1
3643.0181854821512 1403.3509627749472 0.24761486 -2.654198090542431 1
3640.3787786487474 1403.3631698061972 0.43550882 -2.6540458959526183 1
3637.7394177322008 1403.3753768374472 0.472526 -2.6538937040104833 1
3635.1001027313796 1403.3875838686972 0.32315764 -2.6537415147159598 1
3632.460833645019 1403.3997908999472 0.047191255 -2.6535893280689757 1
3629.8216104720545 1403.4119979311972 -0.20235355 -2.6534371440694686 1
3627.1824332111546 1403.4242049624472 -0.28046557 -2.653284962717363 1
3624.543301861121 1403.4364119936972 -0.085127324 -2.653132784012589 1
3621.904216420822 1403.4486190249472 0.33392408 -2.6529806079550813 1
3619.2651768889928 1403.4608260561972 0.7077783 -2.652828434544767 1
3616.626183264568 1403.4730330874472 0.8816278 -2.652676263781585 1
3613.987235546217 1403.4852401186972 0.94295466 -2.6525240956654583 1
3611.348333732741 1403.4974471499472 0.9365318 -2.652371930196318 1
3608.7094778230753 1403.5096541811972 0.87440646 -2.6522197673741026 1
3606.0706678158217 1403.5218612124472 0.8324019 -2.652067607198731 1
3603.4319037099817 1403.5340682436972 0.71109813 -2.6519154496701467 1
3600.7931855042243 1403.5462752749472 0.31792378 -2.651763294788272 1
3598.1545131974176 1403.5584823061972 -0.20772815 -2.6516111425530418 1
3595.5158867883633 1403.5706893374472 -0.5936395 -2.6514589929643875 1
3592.8773062757964 1403.5828963686972 -0.7884293 -2.6513068460222353 1
3590.238771658586 1403.5951033999472 -0.74954444 -2.651154701726521 1
3587.6002829354666 1403.6073104311972 -0.49622965 -2.651002560077171 1
3584.9618401053735 1403.6195174624472 -0.2997824 -2.650850421074124 1
3582.3234431669757 1403.6317244936972 -0.29733023 -2.6506982847173033 1
3579.685092119074 1403.6439315249472 -0.384999 -2.6505461510066395 1
3577.046786960604 1403.6561385561972 -0.500458 -2.650394019942072 1
3574.4085276902347 1403.6683455874472 -0.5509761 -2.650241891523523 1
3571.7703143068998 1403.6805526186972 -0.41824275 -2.650089765750932 1
3569.132146809269 1403.6927596499472 -0.15233658 -2.6499376426242214 1
3566.4940251962107 1403.7049666811972 0.037778754 -2.6497855221433264 1
3563.855949466526 1403.7171737124472 -0.0009833932 -2.6496334043081777 1
3561.217919618951 1403.7293807436972 -0.13093556 -2.649481289118703 1
3558.5799356524194 1403.7415877749472 -0.17049278 -2.6493291765748403 1
3555.941997565601 1403.7537948061972 -0.2504407 -2.6491770666765126 1
3553.3041053573634 1403.7660018374472 -0.4514251 -2.6490249594236555 1
3550.666259026509 1403.7782088686972 -0.5260205 -2.648872854816199 1
3548.0284585719055 1403.7904158999472 -0.3611584 -2.648720752854078 1
3545.3907039922224 1403.8026229311972 -0.11669665 -2.648568653537217 1
3542.7529952863274 1403.8148299624472 0.2030878 -2.648416556865549 1
3540.1153324530223 1403.8270369936972 0.68664116 -2.6482644628390055 1
3537.477715491109 1403.8392440249472 1.0982178 -2.648112371457518 1
3534.840144399456 1403.8514510561972 1.1325434 -2.6479602827210202 1
3532.2026191767986 1403.8636580874472 0.8932041 -2.6478081966294402 1
3529.5651398218715 1403.8758651186972 0.65476996 -2.6476561131827046 1
3526.9277063336103 1403.8880721499472 0.49400625 -2.647504032380752 1
3524.29031871075 1403.9002791811972 0.38641337 -2.647351954223509 1
3521.6529769520916 1403.9124862124472 0.32466406 -2.6471998787109077 1
3519.015681056438 1403.9246932436972 0.24607661 -2.647047805842878 1
3516.3784310226574 1403.9369002749472 0.05596542 -2.6468957356193545 1
3513.7412268494845 1403.9491073061972 -0.18901922 -2.646743668040265 1
3511.104068535721 1403.9613143374472 -0.28765342 -2.6465916031055405 1
3508.466956080236 1403.9735213686972 -0.15093814 -2.6464395408151153 1
3505.829889481764 1403.9857283999472 0.1481715 -2.6462874811689163 1
3503.1928687391073 1403.9979354311972 0.49263376 -2.6461354241668746 1
3500.555893851201 1404.0101424624472 0.6410095 -2.645983369808929 1
3497.91896481658 1404.0223494936972 0.32332912 -2.645831318094995 1
3495.2820816343788 1404.0345565249472 -0.3584559 -2.645679269025022 1
3492.6452443031335 1404.0467635561972 -0.9946565 -2.645527222598927 1
3490.0084528217785 1404.0589705874472 -1.3758049 -2.6453751788166473 1
3487.3717071890496 1404.0711776186972 -1.5555742 -2.6452231376781103 1
3484.735007403882 1404.0833846499472 -1.5551139 -2.6450710991832547 1
3482.098353464943 1404.0955916811972 -1.3961176 -2.644919063332004 1
3479.4617453710352 1404.1077987124472 -1.2195916 -2.6447670301242883 1
3476.825183121094 1404.1200057436972 -1.1006049 -2.644614999560047 1
3474.1886667137874 1404.1322127749472 -0.9013122 -2.644462971639203 1
3471.552196147984 1404.1444198061972 -0.48366895 -2.644310946361691 1
3468.9157714224852 1404.1566268374472 -0.043152906 -2.6441589237274425 1
3466.2793925360934 1404.1688338686972 0.09022448 -2.644006903736387 1
3463.6430594876765 1404.1810408999472 -0.027318994 -2.643854886388461 1
3461.006772275837 1404.1932479311972 -0.15575783 -2.643702871683583 1
3458.370530899576 1404.2054549624472 -0.3407351 -2.643550859621695 1
3455.734335357629 1404.2176619936972 -0.60915864 -2.6433988502027246 1
3453.0981856487974 1404.2298690249472 -0.77087057 -2.6432468434266028 1
3450.4620817719497 1404.2420760561972 -0.8617277 -2.6430948392932643 1
3447.826023725755 1404.2542830874472 -1.0470097 -2.642942837802632 1
3445.1900115092144 1404.2664901186972 -1.2305325 -2.6427908389546486 1
3442.5540451208635 1404.2786971499472 -1.2678001 -2.6426388427492293 1
3439.91812455977 1404.2909041811972 -1.1443968 -2.642486849186321 1
3437.2822498246032 1404.3031112124472 -0.8754775 -2.642334858265847 1
3434.6464209141645 1404.3153182436972 -0.5059253 -2.642182869987737 1
3432.0106378273886 1404.3275252749472 -0.13889164 -2.6420308843519305 1
3429.3749005628783 1404.3397323061972 0.08859563 -2.6418789013583472 1
3426.739209119568 1404.3519393374472 0.12650862 -2.641726921006925 1
3424.1035634961927 1404.3641463686972 0.0715325 -2.6415749432975915 1
3421.467963691688 1404.3763533999472 -0.05589283 -2.6414229682302848 1
3418.832409704789 1404.3885604311972 -0.31068328 -2.641270995804932 1
3416.1969015341633 1404.4007674624472 -0.51188207 -2.6411190260214568 1
3413.5614391788804 1404.4129744936972 -0.42508194 -2.640967058879805 1
3410.926022637475 1404.4251815249472 -0.16490969 -2.6408150943798923 1
3408.2906519089493 1404.4373885561972 0.020320648 -2.6406631325216616 1
3405.655326991971 1404.4495955874472 0.13510005 -2.6405111733050353 1
3403.0200478855418 1404.4618026186972 0.23267682 -2.6403592167299563 1
3400.3848145882644 1404.4740096499472 0.19044691 -2.640207262796344 1
3397.7496270990064 1404.4862166811972 0.046972387 -2.640055311504133 1
3395.1144854165705 1404.4984237124472 0.06914884 -2.639903362853254 1
3392.479389539824 1404.5106307436972 0.35028943 -2.6397514168436422 1
3389.844339467503 1404.5228377749472 0.7376855 -2.6395994734752244 1
3387.2093351984086 1404.5350448061972 1.0444211 -2.6394475327479316 1
3384.5743767314766 1404.5472518374472 1.2034069 -2.6392955946617027 1
3381.9394640653745 1404.5594588686972 1.290521 -2.6391436592164603 1
3379.3045971988386 1404.5716658999472 1.3492193 -2.638991726412132 1
3376.6697761308696 1404.5838729311972 1.3061118 -2.63883979624866 1
3374.035000860203 1404.5960799624472 1.1460118 -2.6386878687259707 1
3371.4002713855743 1404.6082869936972 0.9241885 -2.6385359438439924 1
3368.7655877059183 1404.6204940249472 0.60913074 -2.638384021602663 1
3366.1309498199034 1404.6327010561972 0.17041193 -2.638232102001906 1
3363.496357726398 1404.6449080874472 -0.21969809 -2.6380801850416558 1
3360.861811424204 1404.6571151186972 -0.33818695 -2.6379282707218437 1
3358.2273109121234 1404.6693221499472 -0.25088072 -2.6377763590424004 1
3355.592856189024 1404.6815291811972 -0.12232462 -2.6376244500032606 1
3352.9584472536417 1404.6937362124472 0.122042805 -2.6374725436043516 1
3350.3240841047777 1404.7059432436972 0.5008832 -2.6373206398456035 1
3347.689766741234 1404.7181502749472 0.76144916 -2.6371687387269485 1
3345.055495161879 1404.7303573061972 0.8252519 -2.6370168402483203 1
3342.421269365448 1404.7425643374472 0.8977034 -2.6368649444096466 1
3339.7870893508093 1404.7547713686972 0.94332474 -2.636713051210862 1
3337.1529551167646 1404.7669783999472 0.74601746 -2.636561160651897 1
3334.5188666620493 1404.7791854311972 0.44738203 -2.6364092727326796 1
3331.884823985598 1404.7913924624472 0.2818494 -2.636257387453147 1
3329.2508270860794 1404.8035994936972 0.14727119 -2.636105504813224 1
3326.6168759623624 1404.8158065249472 -0.011127848 -2.635953624812844 1
3323.982970613248 1404.8280135561972 -0.068606906 -2.6358017474519384 1
3321.3491110375385 1404.8402205874472 -0.050304074 -2.635649872730438 1
3318.7152972341023 1404.8524276186972 0.0012913215 -2.6354980006482784 1
3316.0815292016077 1404.8646346499472 0.102566354 -2.635346131205382 1
3313.44780693899 1404.8768416811972 0.14107138 -2.635194264401687 1
3310.8141304449846 1404.8890487124472 0.053938173 -2.635042400237121 1
3308.1804997185254 1404.9012557436972 -0.0829903 -2.6348905387116233 1
3305.5469147582153 1404.9134627749472 -0.27412707 -2.6347386798251122 1
3302.913375562989 1404.9256698061972 -0.5508211 -2.6345868235775267 1
3300.2798821316487 1404.9378768374472 -0.82018626 -2.6344349699687974 1
3297.646434462929 1404.9500838686972 -0.98821443 -2.634283118998852 1
3295.013032555765 1404.9622908999472 -1.0796602 -2.6341312706676288 1
3292.379676408826 1404.9744979311972 -1.0790284 -2.6339794249750508 1
3289.746366021046 1404.9867049624472 -0.8985439 -2.6338275819210564 1
3287.113101391161 1404.9989119936972 -0.6532729 -2.6336757415055736 1
3284.479882517905 1405.0111190249472 -0.57021993 -2.6335239037285283 1
3281.846709400281 1405.0233260561972 -0.6700601 -2.633372068589864 1
3279.2135820368903 1405.0355330874472 -0.859844 -2.633220236089499 1
3276.5805004266676 1405.0477401186972 -0.99158454 -2.6330684062273733 1
3273.9474645683486 1405.0599471499472 -0.8333441 -2.6329165790034126 1
3271.314474460868 1405.0721541811972 -0.38202655 -2.6327647544175563 1
3268.6815301028946 1405.0843612124472 0.08798488 -2.632612932469727 1
3266.0486314932305 1405.0965682436972 0.36577383 -2.6324611131598563 1
3263.4157786308097 1405.1087752749472 0.3828223 -2.6323092964878825 1
3260.7829715143016 1405.1209823061972 0.18300152 -2.632157482453729 1
3258.150210142641 1405.1331893374472 -0.09297843 -2.6320056710573336 1
3255.5174945146296 1405.1453963686972 -0.3304965 -2.631853862298628 1
3252.8848246288694 1405.1576033999472 -0.3981731 -2.6317020561775313 1
3250.252200484428 1405.1698104311972 -0.21764784 -2.63155025269399 1
3247.6196220799757 1405.1820174624472 0.0035638073 -2.6313984518479274 1
3244.9870894143123 1405.1942244936972 0.034671348 -2.631246653639274 1
3242.3546024863076 1405.2064315249472 -0.06073787 -2.6310948580679647 1
3239.7221612947624 1405.2186385561972 -0.1593248 -2.6309430651339305 1
3237.0897658384793 1405.2308455874472 -0.29012254 -2.630791274837102 1
3234.4574161161927 1405.2430526186972 -0.48143178 -2.630639487177407 1
3231.825112126838 1405.2552596499472 -0.63534236 -2.630487702154783 1
3229.192853869151 1405.2674666811972 -0.6785573 -2.630335919769158 1
3226.5606413419323 1405.2796737124472 -0.72608787 -2.6301841400204626 1
3223.9284745439845 1405.2918807436972 -0.8543463 -2.6300323629086275 1
3221.2963534741757 1405.3040877749472 -0.93919325 -2.6298805884335876 1
3218.664278131241 1405.3162948061972 -0.9471485 -2.62972881659527 1
3216.0322485139827 1405.3285018374472 -0.922031 -2.629577047393606 1
3213.400264621335 1405.3407088686972 -0.84670424 -2.6294252808285337 1
3210.768326451967 1405.3529158999472 -0.8598793 -2.629273516899976 1
